1024

472
996
864
536
892
196
384
60
764
224
840
292
688
784
840
348
716
784
288
44
48
820
624
152
560
684
764
572
816
492
120
8
340
112
724
524
840
288
968
484
268
640
276
408
232
332
476
840
228
288
512
736
340
792
300
968
408
540
628
328
560
380
616
500
104
160
596
720
500
576
604
-12
468
1000
644
504
356
604
380
212
152
556
132
236
16
692
1056
640
1032
240
864
288
324
228
180
104
784
304
768
1132
76
132
424
440
712
516
76
448
136
600
1008
860
684
188
616
776
444
428
520
652
344
720
716
732
888
772
360
348
1204
72
872
884
440
984
748
288
536
804
708
556
532
308
712
676
564
848
1140
288
308
416
492
604
260
892
796
944
172
252
636
844
464
700
240
680
316
468
72
68
364
568
540
184
704
380
584
116
408
664
464
564
172
48
1044
144
376
104
816
976
244
944
328
1052
964
180
684
28
88
260
764
136
748
188
1024
104
980
388
512
320
132
172
316
112
264
352
600
540
148
144
828
724
296
308
144
1016
596
152
384
256
696
416
188
1128
396
820
240
500
876
748
652
988
676
656
136
256
220
916
924
192
596
176
332
804
756
316
672
356
260
852
340
512
1196
152
344
364
436
468
1104
436
212
108
252
144
292
852
636
268
1072
936
372
500
620
144
52
552
156
788
760
136
1040
920
848
984
412
768
604
804
208
436
836
1096
496
-12
176
68
600
712
660
496
724
1024
504
856
300
120
436
488
888
400
148
336
316
592
336
1000
376
188
496
444
936
452
776
144
964
376
536
200
600
820
620
584
228
252
40
236
320
976
356
268
312
68
836
296
208
212
292
356
444
1048
8
4
24
400
464
828
264
552
368
844
152
744
168
580
236
400
176
708
68
580
696
580
468
600
292
384
744
904
1128
392
1084
592
228
1100
176
968
536
792
772
160
456
576
716
676
1020
628
384
796
744
208
724
556
624
352
1160
896
544
880
832
204
280
516
732
140
24
828
-16
824
348
732
480
464
432
792
816
768
420
388
628
72
4
948
212
272
260
676
300
540
640
680
332
860
224
208
988
324
704
512
180
392
700
704
36
512
284
652
716
744
316
744
252
172
144
716
748
236
4
636
188
704
88
616
832
548
152
624
352
396
852
732
556
580
972
1048
648
612
480
1096
228
860
512
1000
512
936
184
744
868
384
588
132
304
496
188
304
124
340
228
220
880
712
620
592
528
244
528
224
356
312
408
472
356
440
764
876
736
224
400
492
724
152
196
640
912
152
628
668
280
368
832
288
292
132
920
220
484
444
140
684
532
620
556
192
640
532
336
112
988
876
1156
564
-16
332
148
420
748
18
288
332
960
416
332
484
408
692
224
1028
380
960
212
432
436
412
956
892
280
816
372
1016
408
732
132
252
376
460
1020
784
324
456
1044
608
880
360
460
368
124
200
664
524
784
964
808
252
436
412
724
224
976
160
952
300
572
52
200
504
276
356
980
748
188
1024
480
328
172
80
512
500
300
348
232
536
112
200
312
752
344
1168
672
48
308
248
160
984
852
492
400
32
532
364
440
800
392
248
576
28
116
596
72
396
596
980
800
472
924
108
212
68
516
396
260
96
412
588
88
344
64
716
508
596
564
504
160
132
508
480
132
800
548
388
108
380
604
732
784
660
824
44
4
696
196
520
280
660
468
100
736
780
604
768
400
948
492
692
1012
56
568
156
208
1052
412
552
92
836
776
640
936
460
756
528
352
832
624
924
308
560
412
128
688
180
628
632
944
92
-8
248
844
460
536
24
356
336
572
836
784
792
224
384
176
428
280
132
160
340
916
332
-12
220
460
272
852
412
1040
328
248
1076
888
640
200
68
288
728
228
324
48
188
792
624
244
-16
524
668
240
560
624
488
224
964
392
672
800
284
560
32
572
516
368
280
704
248
104
488
248
388
404
340
788
1016
608
936
184
308
492
148
976
324
760
520
632
616
416
816
880
168
496
332
612
356
828
484
32
632
504
376
168
532
380
212
796
224
188
788
476
372
452
548
712
964
360
32
624
240
388
40
572
0
676
280
264
852
440
128
648
208
364
988
348
52
692
456
580
820
656
700
692
144
476
36
196
680
224
280
548
252
652
4
24
424
336
472
388
736
684
1268
772
380
324
-12
672
916
212
284
636
708
804
836
536
492
468
632
616
816
820
508
288
320
640
684
232
312
804
592
800
376
504
200
268
156
456
580
160
744
540
1048
728
496
144
876
668
512
4
500
516
644
608
108
776
624
512
736
340
400
192
92
704
412
536
128
364
956
752
480
464
860
88
460
596
440
724
504
708
184
132
164
100
732
412
876
76
1240
772
200
272
852
12
944
964
304
824
820
68
800
804
1000
536
420
80
196

24 , 0, 389
45 , 0, 18
23 , 0, 907
6 , 0, 1004
18 , 0, 482
7 , 0, 755
113 , 0, 0
31 , 1, 1012
36 , 1, 6
14 , 1, 185
34 , 1, 4
40 , 1, 813
46 , 1, 480
4 , 1, 769
8 , 1, 248
41 , 1, 400
244 , 1, 1
31 , 2, 418
39 , 2, 790
22 , 2, 8
45 , 2, 28
19 , 2, 311
38 , 2, 823
18 , 2, 626
9 , 2, 754
211 , 2, 2
36 , 3, 716
12 , 3, 9
8 , 3, 758
46 , 3, 984
37 , 3, 853
129 , 3, 3
47 , 4, 786
2 , 4, 87
48 , 4, 182
42 , 4, 264
28 , 4, 319
2 , 4, 992
32 , 4, 540
15 , 4, 479
12 , 4, 351
218 , 4, 4
36 , 5, 989
18 , 5, 441
44 , 5, 5
28 , 6, 539
16 , 6, 678
49 , 6, 541
8 , 6, 229
91 , 6, 6
20 , 7, 700
10 , 7, 7
10 , 8, 811
12 , 8, 631
25 , 8, 792
11 , 8, 10
48 , 8, 618
14 , 8, 322
38 , 8, 113
38 , 8, 15
186 , 8, 8
25 , 9, 963
21 , 9, 475
15 , 9, 48
51 , 9, 9
34 , 10, 282
5 , 10, 248
7 , 10, 290
11 , 10, 828
49 , 10, 61
30 , 10, 179
33 , 10, 397
10 , 10, 281
36 , 10, 929
205 , 10, 10
28 , 11, 105
36 , 11, 1018
14 , 11, 871
68 , 11, 11
49 , 12, 703
5 , 12, 25
4 , 12, 977
23 , 12, 1016
20 , 12, 8
18 , 12, 849
35 , 12, 960
23 , 12, 1004
167 , 12, 12
44 , 13, 660
26 , 13, 748
22 , 13, 105
40 , 13, 502
19 , 13, 943
11 , 13, 917
39 , 13, 227
191 , 13, 13
15 , 14, 733
35 , 14, 856
15 , 14, 561
14 , 14, 974
43 , 14, 714
9 , 14, 604
45 , 14, 357
39 , 14, 873
205 , 14, 14
22 , 15, 560
8 , 15, 431
18 , 15, 994
10 , 15, 182
24 , 15, 587
10 , 15, 0
82 , 15, 15
32 , 16, 815
45 , 16, 644
24 , 16, 340
2 , 16, 607
10 , 16, 474
22 , 16, 197
22 , 16, 971
27 , 16, 573
174 , 16, 16
5 , 17, 499
44 , 17, 782
43 , 17, 754
31 , 17, 1012
22 , 17, 911
28 , 17, 792
12 , 17, 847
8 , 17, 319
8 , 17, 839
191 , 17, 17
9 , 18, 834
4 , 18, 814
19 , 18, 958
45 , 18, 182
67 , 18, 18
16 , 19, 268
6 , 19, 19
17 , 20, 284
7 , 20, 20
37 , 21, 884
6 , 21, 254
47 , 21, 925
33 , 21, 622
31 , 21, 328
33 , 21, 324
23 , 21, 574
200 , 21, 21
18 , 22, 440
20 , 22, 391
32 , 22, 304
40 , 22, 733
24 , 22, 342
27 , 22, 609
151 , 22, 22
43 , 23, 366
33 , 23, 23
27 , 24, 140
18 , 24, 487
46 , 24, 615
28 , 24, 559
26 , 24, 511
135 , 24, 24
47 , 25, 204
3 , 25, 787
8 , 25, 425
8 , 25, 17
38 , 25, 685
43 , 25, 833
1 , 25, 658
28 , 25, 63
166 , 25, 25
49 , 26, 952
4 , 26, 509
31 , 26, 841
17 , 26, 305
43 , 26, 202
22 , 26, 492
30 , 26, 325
186 , 26, 26
42 , 27, 57
27 , 27, 170
2 , 27, 28
31 , 27, 206
23 , 27, 189
23 , 27, 435
138 , 27, 27
45 , 28, 713
27 , 28, 778
10 , 28, 534
8 , 28, 758
37 , 28, 646
28 , 28, 531
8 , 28, 45
10 , 28, 183
36 , 28, 694
199 , 28, 28
10 , 29, 376
28 , 29, 2
41 , 29, 238
3 , 29, 531
15 , 29, 698
31 , 29, 41
118 , 29, 29
14 , 30, 166
8 , 30, 613
13 , 30, 1012
25 , 30, 30
7 , 31, 822
-3 , 31, 31
39 , 32, 1003
15 , 32, 331
36 , 32, 362
80 , 32, 32
33 , 33, 168
23 , 33, 33
30 , 34, 448
28 , 34, 820
33 , 34, 288
16 , 34, 711
10 , 34, 335
37 , 34, 388
32 , 34, 160
176 , 34, 34
2 , 35, 105
44 , 35, 290
8 , 35, 36
47 , 35, 24
35 , 35, 40
126 , 35, 35
14 , 36, 425
43 , 36, 1
15 , 36, 217
39 , 36, 740
12 , 36, 952
23 , 36, 395
24 , 36, 985
41 , 36, 576
4 , 36, 774
205 , 36, 36
47 , 37, 823
30 , 37, 50
67 , 37, 37
31 , 38, 800
40 , 38, 175
49 , 38, 1021
33 , 38, 418
42 , 38, 49
2 , 38, 435
10 , 38, 474
40 , 38, 777
237 , 38, 38
35 , 39, 97
40 , 39, 373
41 , 39, 80
10 , 39, 237
116 , 39, 39
28 , 40, 355
21 , 40, 61
23 , 40, 737
62 , 40, 40
20 , 41, 1017
26 , 41, 556
40 , 41, 438
28 , 41, 919
18 , 41, 889
9 , 41, 377
24 , 41, 880
155 , 41, 41
30 , 42, 384
17 , 42, 992
27 , 42, 71
64 , 42, 42
20 , 43, 863
46 , 43, 810
22 , 43, 323
19 , 43, 89
97 , 43, 43
6 , 44, 602
13 , 44, 299
16 , 44, 476
2 , 44, 693
4 , 44, 669
12 , 44, 156
10 , 44, 135
53 , 44, 44
4 , 45, 551
36 , 45, 584
48 , 45, 408
78 , 45, 45
37 , 46, 840
40 , 46, 445
6 , 46, 478
41 , 46, 450
114 , 46, 46
49 , 47, 451
8 , 47, 841
21 , 47, 711
46 , 47, 700
28 , 47, 962
29 , 47, 482
27 , 47, 462
7 , 47, 177
205 , 47, 47
31 , 48, 947
28 , 48, 100
3 , 48, 419
52 , 48, 48
34 , 49, 205
43 , 49, 296
67 , 49, 49
22 , 50, 1003
29 , 50, 346
18 , 50, 959
41 , 50, 853
22 , 50, 604
1 , 50, 746
123 , 50, 50
44 , 51, 62
27 , 51, 917
29 , 51, 220
24 , 51, 431
19 , 51, 384
46 , 51, 997
179 , 51, 51
41 , 52, 599
49 , 52, 233
80 , 52, 52
40 , 53, 452
36 , 53, 359
37 , 53, 506
12 , 53, 571
33 , 53, 202
30 , 53, 737
15 , 53, 441
193 , 53, 53
13 , 54, 45
28 , 54, 598
28 , 54, 828
11 , 54, 203
70 , 54, 54
45 , 55, 170
25 , 55, 177
49 , 55, 261
15 , 55, 710
32 , 55, 383
32 , 55, 704
17 , 55, 874
32 , 55, 66
237 , 55, 55
41 , 56, 63
37 , 56, 561
29 , 56, 177
97 , 56, 56
38 , 57, 631
47 , 57, 656
46 , 57, 772
9 , 57, 493
130 , 57, 57
22 , 58, 18
36 , 58, 383
28 , 58, 942
10 , 58, 581
27 , 58, 628
3 , 58, 621
31 , 58, 410
5 , 58, 885
152 , 58, 58
6 , 59, 560
21 , 59, 912
31 , 59, 421
5 , 59, 587
24 , 59, 910
77 , 59, 59
35 , 60, 112
24 , 60, 163
48 , 60, 810
3 , 60, 778
35 , 60, 619
135 , 60, 60
38 , 61, 985
32 , 61, 651
30 , 61, 470
90 , 61, 61
28 , 62, 306
1 , 62, 385
49 , 62, 375
13 , 62, 596
23 , 62, 841
45 , 62, 329
149 , 62, 62
24 , 63, 526
3 , 63, 157
37 , 63, 651
10 , 63, 211
15 , 63, 4
29 , 63, 765
12 , 63, 164
120 , 63, 63
31 , 64, 55
21 , 64, 64
40 , 65, 287
5 , 65, 628
35 , 65, 65
32 , 66, 917
20 , 66, 637
31 , 66, 442
43 , 66, 822
28 , 66, 564
144 , 66, 66
6 , 67, 547
16 , 67, 324
47 , 67, 300
44 , 67, 169
38 , 67, 413
34 , 67, 705
175 , 67, 67
28 , 68, 113
15 , 68, 242
34 , 68, 976
6 , 68, 328
47 , 68, 470
120 , 68, 68
40 , 69, 863
35 , 69, 150
49 , 69, 132
10 , 69, 453
15 , 69, 965
139 , 69, 69
18 , 70, 508
31 , 70, 99
37 , 70, 132
36 , 70, 171
10 , 70, 419
24 , 70, 831
146 , 70, 70
2 , 71, 575
-8 , 71, 71
18 , 72, 597
35 , 72, 337
11 , 72, 196
27 , 72, 406
18 , 72, 350
13 , 72, 904
112 , 72, 72
42 , 73, 129
38 , 73, 908
5 , 73, 1001
47 , 73, 109
43 , 73, 200
37 , 73, 521
43 , 73, 25
245 , 73, 73
1 , 74, 775
15 , 74, 513
4 , 74, 748
45 , 74, 213
21 , 74, 892
31 , 74, 776
6 , 74, 584
43 , 74, 65
156 , 74, 74
30 , 75, 720
18 , 75, 931
13 , 75, 488
1 , 75, 592
29 , 75, 96
40 , 75, 811
121 , 75, 75
33 , 76, 227
13 , 76, 995
3 , 76, 288
45 , 76, 813
84 , 76, 76
24 , 77, 552
35 , 77, 80
26 , 77, 23
25 , 77, 999
8 , 77, 247
6 , 77, 482
32 , 77, 737
146 , 77, 77
40 , 78, 207
12 , 78, 357
12 , 78, 600
36 , 78, 557
90 , 78, 78
2 , 79, 268
30 , 79, 220
26 , 79, 866
48 , 79, 79
43 , 80, 572
33 , 80, 80
46 , 81, 1018
23 , 81, 665
30 , 81, 807
22 , 81, 872
7 , 81, 427
16 , 81, 45
134 , 81, 81
38 , 82, 193
28 , 82, 82
18 , 83, 667
46 , 83, 865
54 , 83, 83
9 , 84, 508
-1 , 84, 84
36 , 85, 191
12 , 85, 467
42 , 85, 21
22 , 85, 960
48 , 85, 418
18 , 85, 165
168 , 85, 85
14 , 86, 242
40 , 86, 263
9 , 86, 97
45 , 86, 183
40 , 86, 475
49 , 86, 433
41 , 86, 229
31 , 86, 580
259 , 86, 86
3 , 87, 481
29 , 87, 627
42 , 87, 653
33 , 87, 156
14 , 87, 974
44 , 87, 343
155 , 87, 87
29 , 88, 172
14 , 88, 673
20 , 88, 669
47 , 88, 570
37 , 88, 774
26 , 88, 843
40 , 88, 511
40 , 88, 844
10 , 88, 599
253 , 88, 88
45 , 89, 549
20 , 89, 727
55 , 89, 89
39 , 90, 403
28 , 90, 203
6 , 90, 974
35 , 90, 959
46 , 90, 361
38 , 90, 647
29 , 90, 633
211 , 90, 90
40 , 91, 386
15 , 91, 761
5 , 91, 543
17 , 91, 621
67 , 91, 91
34 , 92, 927
7 , 92, 710
45 , 92, 285
76 , 92, 92
18 , 93, 646
44 , 93, 204
52 , 93, 93
13 , 94, 548
14 , 94, 129
23 , 94, 178
40 , 94, 94
4 , 95, 881
27 , 95, 957
21 , 95, 95
42 , 96, 315
13 , 96, 629
13 , 96, 553
15 , 96, 13
45 , 96, 178
45 , 96, 357
22 , 96, 68
1 , 96, 487
5 , 96, 321
191 , 96, 96
38 , 97, 943
32 , 97, 584
4 , 97, 750
7 , 97, 693
71 , 97, 97
38 , 98, 144
40 , 98, 619
4 , 98, 28
23 , 98, 721
28 , 98, 220
31 , 98, 282
33 , 98, 575
187 , 98, 98
44 , 99, 458
46 , 99, 891
45 , 99, 373
16 , 99, 630
39 , 99, 714
13 , 99, 487
47 , 99, 465
30 , 99, 696
8 , 99, 113
278 , 99, 99
24 , 100, 176
14 , 100, 100
22 , 101, 53
5 , 101, 590
11 , 101, 336
28 , 101, 101
6 , 102, 1016
25 , 102, 734
19 , 102, 597
32 , 102, 108
29 , 102, 1015
101 , 102, 102
33 , 103, 187
36 , 103, 573
18 , 103, 449
28 , 103, 375
105 , 103, 103
27 , 104, 497
41 , 104, 76
45 , 104, 700
1 , 104, 601
32 , 104, 88
30 , 104, 539
7 , 104, 704
173 , 104, 104
24 , 105, 527
40 , 105, 1020
41 , 105, 279
29 , 105, 930
124 , 105, 105
24 , 106, 544
14 , 106, 106
41 , 107, 925
37 , 107, 770
39 , 107, 557
107 , 107, 107
3 , 108, 679
31 , 108, 303
5 , 108, 624
29 , 108, 108
29 , 109, 671
39 , 109, 724
48 , 109, 603
39 , 109, 843
145 , 109, 109
21 , 110, 297
26 , 110, 362
38 , 110, 252
31 , 110, 847
28 , 110, 627
23 , 110, 319
34 , 110, 931
49 , 110, 654
7 , 110, 22
247 , 110, 110
41 , 111, 447
46 , 111, 531
37 , 111, 1005
16 , 111, 970
12 , 111, 743
26 , 111, 978
27 , 111, 118
10 , 111, 565
5 , 111, 562
210 , 111, 111
13 , 112, 242
45 , 112, 38
10 , 112, 918
38 , 112, 643
45 , 112, 251
25 , 112, 243
166 , 112, 112
39 , 113, 302
13 , 113, 43
42 , 113, 113
2 , 114, 945
49 , 114, 447
26 , 114, 483
48 , 114, 571
20 , 114, 444
8 , 114, 367
6 , 114, 189
149 , 114, 114
31 , 115, 266
19 , 115, 807
6 , 115, 363
45 , 115, 876
41 , 115, 179
38 , 115, 483
19 , 115, 128
189 , 115, 115
41 , 116, 711
33 , 116, 751
42 , 116, 17
106 , 116, 116
4 , 117, 814
35 , 117, 209
33 , 117, 893
40 , 117, 887
102 , 117, 117
33 , 118, 482
21 , 118, 155
40 , 118, 642
41 , 118, 730
125 , 118, 118
47 , 119, 304
8 , 119, 479
2 , 119, 939
40 , 119, 786
18 , 119, 326
45 , 119, 1015
8 , 119, 73
158 , 119, 119
42 , 120, 690
49 , 120, 660
81 , 120, 120
28 , 121, 970
7 , 121, 389
47 , 121, 301
45 , 121, 284
13 , 121, 628
10 , 121, 605
35 , 121, 617
175 , 121, 121
4 , 122, 246
3 , 122, 454
19 , 122, 34
29 , 122, 832
24 , 122, 717
30 , 122, 196
44 , 122, 761
18 , 122, 513
13 , 122, 96
174 , 122, 122
23 , 123, 38
31 , 123, 603
11 , 123, 749
48 , 123, 258
3 , 123, 728
29 , 123, 405
43 , 123, 186
178 , 123, 123
38 , 124, 539
34 , 124, 634
22 , 124, 72
11 , 124, 276
1 , 124, 932
27 , 124, 992
26 , 124, 746
20 , 124, 279
48 , 124, 174
217 , 124, 124
29 , 125, 915
7 , 125, 835
12 , 125, 470
12 , 125, 988
20 , 125, 590
23 , 125, 241
36 , 125, 216
17 , 125, 997
42 , 125, 386
188 , 125, 125
17 , 126, 485
15 , 126, 149
32 , 126, 19
31 , 126, 979
85 , 126, 126
30 , 127, 740
31 , 127, 253
2 , 127, 198
22 , 127, 408
7 , 127, 7
82 , 127, 127
28 , 128, 1009
40 , 128, 1010
27 , 128, 351
36 , 128, 315
43 , 128, 456
33 , 128, 413
43 , 128, 102
24 , 128, 705
32 , 128, 459
296 , 128, 128
11 , 129, 98
12 , 129, 803
13 , 129, 129
47 , 130, 431
23 , 130, 698
17 , 130, 496
3 , 130, 446
33 , 130, 109
9 , 130, 837
36 , 130, 907
15 , 130, 145
40 , 130, 825
213 , 130, 130
47 , 131, 659
8 , 131, 229
25 , 131, 885
37 , 131, 199
37 , 131, 351
4 , 131, 403
38 , 131, 460
30 , 131, 413
216 , 131, 131
18 , 132, 205
40 , 132, 396
9 , 132, 358
48 , 132, 688
105 , 132, 132
48 , 133, 647
31 , 133, 918
17 , 133, 61
46 , 133, 729
46 , 133, 298
20 , 133, 58
26 , 133, 51
17 , 133, 1011
241 , 133, 133
10 , 134, 632
8 , 134, 73
5 , 134, 393
26 , 134, 353
34 , 134, 471
43 , 134, 852
23 , 134, 360
43 , 134, 645
182 , 134, 134
37 , 135, 719
40 , 135, 563
67 , 135, 135
44 , 136, 92
27 , 136, 330
39 , 136, 912
29 , 136, 383
129 , 136, 136
49 , 137, 211
19 , 137, 155
48 , 137, 873
36 , 137, 23
23 , 137, 419
31 , 137, 746
196 , 137, 137
11 , 138, 338
35 , 138, 415
16 , 138, 129
4 , 138, 170
3 , 138, 612
23 , 138, 252
42 , 138, 139
48 , 138, 725
172 , 138, 138
30 , 139, 91
14 , 139, 730
27 , 139, 191
4 , 139, 359
24 , 139, 27
6 , 139, 38
39 , 139, 642
134 , 139, 139
9 , 140, 481
47 , 140, 40
18 , 140, 148
25 , 140, 26
39 , 140, 455
128 , 140, 140
16 , 141, 812
40 , 141, 282
26 , 141, 819
72 , 141, 141
41 , 142, 290
1 , 142, 629
37 , 142, 627
35 , 142, 862
36 , 142, 659
31 , 142, 480
2 , 142, 725
173 , 142, 142
12 , 143, 824
15 , 143, 800
32 , 143, 165
28 , 143, 502
39 , 143, 334
33 , 143, 349
15 , 143, 540
164 , 143, 143
45 , 144, 298
21 , 144, 543
20 , 144, 639
23 , 144, 558
1 , 144, 147
36 , 144, 974
136 , 144, 144
1 , 145, 689
10 , 145, 854
40 , 145, 900
21 , 145, 336
35 , 145, 401
32 , 145, 801
18 , 145, 261
12 , 145, 749
48 , 145, 1018
207 , 145, 145
17 , 146, 500
39 , 146, 399
46 , 146, 671
31 , 146, 563
39 , 146, 258
29 , 146, 597
44 , 146, 815
45 , 146, 960
280 , 146, 146
25 , 147, 358
22 , 147, 461
30 , 147, 998
67 , 147, 147
47 , 148, 470
8 , 148, 771
27 , 148, 1005
72 , 148, 148
34 , 149, 377
28 , 149, 974
19 , 149, 256
28 , 149, 531
99 , 149, 149
38 , 150, 289
26 , 150, 423
27 , 150, 71
24 , 150, 381
11 , 150, 190
2 , 150, 16
118 , 150, 150
45 , 151, 684
16 , 151, 801
7 , 151, 681
34 , 151, 896
9 , 151, 821
8 , 151, 67
18 , 151, 437
19 , 151, 161
146 , 151, 151
41 , 152, 699
14 , 152, 599
15 , 152, 904
60 , 152, 152
29 , 153, 841
15 , 153, 207
36 , 153, 621
9 , 153, 700
2 , 153, 997
41 , 153, 565
48 , 153, 107
48 , 153, 864
218 , 153, 153
24 , 154, 1010
33 , 154, 357
38 , 154, 906
12 , 154, 885
34 , 154, 645
28 , 154, 779
35 , 154, 728
194 , 154, 154
24 , 155, 881
5 , 155, 196
15 , 155, 647
7 , 155, 437
34 , 155, 704
40 , 155, 618
41 , 155, 621
35 , 155, 86
40 , 155, 62
231 , 155, 155
48 , 156, 582
38 , 156, 156
18 , 157, 261
24 , 157, 69
26 , 157, 702
58 , 157, 157
19 , 158, 700
27 , 158, 205
18 , 158, 222
2 , 158, 390
19 , 158, 1006
40 , 158, 648
39 , 158, 508
154 , 158, 158
8 , 159, 536
28 , 159, 190
37 , 159, 71
24 , 159, 444
27 , 159, 506
38 , 159, 273
48 , 159, 330
2 , 159, 961
4 , 159, 634
206 , 159, 159
6 , 160, 77
33 , 160, 300
11 , 160, 389
36 , 160, 468
35 , 160, 926
111 , 160, 160
42 , 161, 876
11 , 161, 900
43 , 161, 362
37 , 161, 113
13 , 161, 495
34 , 161, 959
170 , 161, 161
6 , 162, 65
12 , 162, 763
9 , 162, 891
38 , 162, 58
55 , 162, 162
24 , 163, 387
7 , 163, 176
1 , 163, 573
39 , 163, 382
41 , 163, 766
13 , 163, 716
5 , 163, 580
43 , 163, 280
2 , 163, 932
165 , 163, 163
43 , 164, 205
16 , 164, 3
25 , 164, 24
74 , 164, 164
32 , 165, 521
19 , 165, 759
29 , 165, 723
42 , 165, 403
112 , 165, 165
3 , 166, 744
20 , 166, 207
13 , 166, 166
22 , 167, 879
12 , 167, 167
44 , 168, 289
40 , 168, 927
12 , 168, 929
86 , 168, 168
7 , 169, 630
10 , 169, 351
21 , 169, 174
47 , 169, 250
23 , 169, 749
39 , 169, 622
137 , 169, 169
37 , 170, 60
32 , 170, 302
39 , 170, 186
22 , 170, 115
10 , 170, 145
130 , 170, 170
5 , 171, 467
9 , 171, 810
37 , 171, 533
41 , 171, 171
42 , 172, 669
45 , 172, 68
38 , 172, 876
4 , 172, 770
33 , 172, 112
19 , 172, 31
171 , 172, 172
38 , 173, 787
26 , 173, 618
14 , 173, 960
3 , 173, 455
19 , 173, 664
90 , 173, 173
22 , 174, 386
7 , 174, 103
10 , 174, 227
43 , 174, 982
17 , 174, 515
26 , 174, 738
26 , 174, 733
141 , 174, 174
34 , 175, 140
24 , 175, 175
21 , 176, 168
14 , 176, 722
16 , 176, 357
14 , 176, 223
12 , 176, 620
1 , 176, 900
29 , 176, 703
97 , 176, 176
27 , 177, 717
11 , 177, 121
22 , 177, 170
44 , 177, 889
13 , 177, 168
46 , 177, 336
8 , 177, 893
161 , 177, 177
30 , 178, 3
14 , 178, 1002
46 , 178, 525
31 , 178, 742
111 , 178, 178
11 , 179, 932
41 , 179, 760
23 , 179, 317
41 , 179, 741
30 , 179, 850
136 , 179, 179
19 , 180, 907
29 , 180, 565
38 , 180, 180
17 , 181, 458
7 , 181, 181
45 , 182, 417
36 , 182, 363
28 , 182, 733
9 , 182, 661
31 , 182, 239
19 , 182, 672
33 , 182, 791
35 , 182, 754
30 , 182, 773
256 , 182, 182
31 , 183, 207
10 , 183, 842
31 , 183, 183
37 , 184, 883
27 , 184, 525
14 , 184, 94
21 , 184, 1023
89 , 184, 184
15 , 185, 496
11 , 185, 913
5 , 185, 53
21 , 185, 185
21 , 186, 100
40 , 186, 2
25 , 186, 768
40 , 186, 65
48 , 186, 202
4 , 186, 393
31 , 186, 48
199 , 186, 186
38 , 187, 1010
18 , 187, 295
9 , 187, 807
9 , 187, 471
29 , 187, 188
46 , 187, 469
8 , 187, 350
43 , 187, 86
49 , 187, 518
239 , 187, 187
22 , 188, 560
44 , 188, 790
56 , 188, 188
33 , 189, 146
29 , 189, 231
28 , 189, 319
41 , 189, 749
38 , 189, 1006
33 , 189, 61
20 , 189, 753
11 , 189, 332
8 , 189, 790
231 , 189, 189
12 , 190, 762
28 , 190, 715
47 , 190, 719
77 , 190, 190
38 , 191, 133
33 , 191, 132
45 , 191, 98
33 , 191, 197
7 , 191, 269
34 , 191, 309
35 , 191, 994
43 , 191, 435
258 , 191, 191
43 , 192, 82
1 , 192, 732
44 , 192, 649
24 , 192, 464
47 , 192, 335
45 , 192, 313
42 , 192, 812
236 , 192, 192
37 , 193, 906
13 , 193, 720
40 , 193, 193
10 , 194, 645
28 , 194, 689
36 , 194, 0
40 , 194, 1014
19 , 194, 1000
43 , 194, 148
166 , 194, 194
12 , 195, 902
2 , 195, 195
27 , 196, 183
17 , 196, 196
44 , 197, 513
13 , 197, 867
13 , 197, 549
60 , 197, 197
14 , 198, 603
45 , 198, 354
31 , 198, 322
9 , 198, 24
18 , 198, 0
11 , 198, 786
35 , 198, 103
33 , 198, 592
186 , 198, 198
12 , 199, 791
27 , 199, 265
29 , 199, 199
40 , 200, 926
8 , 200, 996
4 , 200, 695
30 , 200, 711
45 , 200, 465
23 , 200, 514
27 , 200, 381
11 , 200, 851
4 , 200, 256
182 , 200, 200
3 , 201, 221
21 , 201, 305
28 , 201, 203
42 , 201, 201
5 , 202, 95
20 , 202, 284
25 , 202, 295
40 , 202, 742
40 , 202, 818
34 , 202, 936
39 , 202, 93
46 , 202, 72
12 , 202, 476
251 , 202, 202
31 , 203, 435
21 , 203, 203
14 , 204, 813
48 , 204, 884
20 , 204, 330
32 , 204, 133
43 , 204, 547
32 , 204, 612
31 , 204, 75
4 , 204, 618
26 , 204, 754
240 , 204, 204
38 , 205, 345
23 , 205, 531
41 , 205, 308
92 , 205, 205
45 , 206, 750
9 , 206, 339
28 , 206, 185
38 , 206, 182
13 , 206, 403
123 , 206, 206
19 , 207, 666
29 , 207, 953
37 , 207, 330
75 , 207, 207
15 , 208, 764
23 , 208, 824
28 , 208, 208
48 , 209, 627
38 , 209, 209
3 , 210, 588
45 , 210, 621
8 , 210, 380
11 , 210, 681
15 , 210, 157
2 , 210, 202
74 , 210, 210
28 , 211, 632
5 , 211, 773
23 , 211, 211
23 , 212, 289
15 , 212, 797
5 , 212, 132
28 , 212, 401
61 , 212, 212
40 , 213, 833
35 , 213, 276
18 , 213, 442
83 , 213, 213
33 , 214, 573
48 , 214, 873
32 , 214, 896
10 , 214, 632
32 , 214, 349
145 , 214, 214
6 , 215, 395
10 , 215, 727
27 , 215, 993
43 , 215, 552
33 , 215, 923
21 , 215, 435
130 , 215, 215
42 , 216, 603
32 , 216, 216
29 , 217, 314
12 , 217, 17
31 , 217, 217
30 , 218, 849
34 , 218, 18
26 , 218, 786
41 , 218, 107
38 , 218, 531
19 , 218, 884
24 , 218, 661
202 , 218, 218
35 , 219, 936
44 , 219, 510
17 , 219, 435
5 , 219, 906
36 , 219, 205
40 , 219, 829
9 , 219, 362
176 , 219, 219
6 , 220, 933
3 , 220, 394
11 , 220, 105
43 , 220, 91
16 , 220, 1015
69 , 220, 220
4 , 221, 526
18 , 221, 921
35 , 221, 698
25 , 221, 665
72 , 221, 221
23 , 222, 808
18 , 222, 25
31 , 222, 222
46 , 223, 147
36 , 223, 350
46 , 223, 419
22 , 223, 623
30 , 223, 927
8 , 223, 198
40 , 223, 801
27 , 223, 341
4 , 223, 152
249 , 223, 223
22 , 224, 898
41 , 224, 545
46 , 224, 997
13 , 224, 440
29 , 224, 503
3 , 224, 306
144 , 224, 224
43 , 225, 467
33 , 225, 225
37 , 226, 544
29 , 226, 825
25 , 226, 246
10 , 226, 472
91 , 226, 226
7 , 227, 877
42 , 227, 717
17 , 227, 549
3 , 227, 871
59 , 227, 227
43 , 228, 399
11 , 228, 301
28 , 228, 522
48 , 228, 802
42 , 228, 844
4 , 228, 71
3 , 228, 772
169 , 228, 228
47 , 229, 866
26 , 229, 701
4 , 229, 1022
21 , 229, 262
5 , 229, 179
6 , 229, 464
99 , 229, 229
17 , 230, 679
19 , 230, 535
16 , 230, 597
42 , 230, 230
46 , 231, 709
37 , 231, 397
12 , 231, 723
49 , 231, 700
47 , 231, 177
28 , 231, 366
4 , 231, 744
18 , 231, 17
46 , 231, 1022
277 , 231, 231
20 , 232, 764
18 , 232, 409
19 , 232, 176
24 , 232, 744
9 , 232, 861
14 , 232, 575
94 , 232, 232
3 , 233, 936
1 , 233, 513
14 , 233, 171
1 , 233, 195
40 , 233, 317
33 , 233, 174
34 , 233, 628
36 , 233, 549
48 , 233, 873
200 , 233, 233
47 , 234, 424
18 , 234, 571
55 , 234, 234
48 , 235, 249
32 , 235, 599
19 , 235, 893
27 , 235, 1014
4 , 235, 484
120 , 235, 235
43 , 236, 231
11 , 236, 269
42 , 236, 654
40 , 236, 35
40 , 236, 301
24 , 236, 525
24 , 236, 98
214 , 236, 236
23 , 237, 517
18 , 237, 241
33 , 237, 902
11 , 237, 964
13 , 237, 364
49 , 237, 560
45 , 237, 87
182 , 237, 237
20 , 238, 890
21 , 238, 80
21 , 238, 922
7 , 238, 431
32 , 238, 830
22 , 238, 315
6 , 238, 274
39 , 238, 916
158 , 238, 238
45 , 239, 63
23 , 239, 974
47 , 239, 572
41 , 239, 94
10 , 239, 213
1 , 239, 280
44 , 239, 167
41 , 239, 1005
242 , 239, 239
28 , 240, 853
5 , 240, 962
35 , 240, 11
24 , 240, 820
6 , 240, 365
27 , 240, 555
2 , 240, 974
18 , 240, 434
29 , 240, 931
164 , 240, 240
39 , 241, 518
40 , 241, 55
10 , 241, 748
39 , 241, 672
12 , 241, 666
29 , 241, 504
159 , 241, 241
36 , 242, 869
3 , 242, 664
29 , 242, 242
20 , 243, 893
2 , 243, 727
47 , 243, 295
59 , 243, 243
1 , 244, 435
43 , 244, 736
16 , 244, 572
50 , 244, 244
28 , 245, 487
25 , 245, 574
46 , 245, 507
44 , 245, 32
26 , 245, 614
8 , 245, 12
21 , 245, 58
8 , 245, 81
28 , 245, 475
224 , 245, 245
47 , 246, 261
30 , 246, 957
28 , 246, 750
26 , 246, 623
27 , 246, 419
47 , 246, 473
31 , 246, 238
226 , 246, 246
34 , 247, 450
19 , 247, 373
43 , 247, 247
6 , 248, 917
45 , 248, 153
16 , 248, 356
47 , 248, 927
40 , 248, 557
144 , 248, 248
49 , 249, 525
39 , 249, 249
36 , 250, 860
25 , 250, 855
27 , 250, 914
78 , 250, 250
37 , 251, 955
32 , 251, 677
4 , 251, 289
38 , 251, 639
8 , 251, 590
40 , 251, 151
47 , 251, 491
196 , 251, 251
4 , 252, 304
37 , 252, 245
49 , 252, 72
13 , 252, 868
32 , 252, 695
1 , 252, 769
37 , 252, 937
14 , 252, 131
7 , 252, 776
184 , 252, 252
10 , 253, 464
8 , 253, 593
32 , 253, 149
34 , 253, 755
74 , 253, 253
1 , 254, 173
33 , 254, 584
42 , 254, 472
37 , 254, 676
10 , 254, 700
35 , 254, 639
15 , 254, 297
163 , 254, 254
27 , 255, 726
34 , 255, 929
33 , 255, 206
84 , 255, 255
36 , 256, 24
34 , 256, 667
60 , 256, 256
49 , 257, 1016
34 , 257, 928
42 , 257, 360
22 , 257, 983
13 , 257, 462
23 , 257, 628
10 , 257, 402
3 , 257, 965
22 , 257, 294
208 , 257, 257
37 , 258, 605
6 , 258, 835
47 , 258, 881
80 , 258, 258
36 , 259, 117
49 , 259, 642
48 , 259, 985
123 , 259, 259
47 , 260, 60
42 , 260, 293
46 , 260, 159
28 , 260, 1002
42 , 260, 92
45 , 260, 22
37 , 260, 386
17 , 260, 957
294 , 260, 260
43 , 261, 857
33 , 261, 261
46 , 262, 537
24 , 262, 398
15 , 262, 975
6 , 262, 657
81 , 262, 262
42 , 263, 115
25 , 263, 316
11 , 263, 335
18 , 263, 437
86 , 263, 263
27 , 264, 352
46 , 264, 405
41 , 264, 674
104 , 264, 264
40 , 265, 842
15 , 265, 142
23 , 265, 186
44 , 265, 992
112 , 265, 265
37 , 266, 296
43 , 266, 925
21 , 266, 604
27 , 266, 853
40 , 266, 45
25 , 266, 734
18 , 266, 790
29 , 266, 456
41 , 266, 225
271 , 266, 266
36 , 267, 716
16 , 267, 774
34 , 267, 75
28 , 267, 288
104 , 267, 267
4 , 268, 460
23 , 268, 764
11 , 268, 680
4 , 268, 955
16 , 268, 781
48 , 268, 268
20 , 269, 605
6 , 269, 896
6 , 269, 531
22 , 269, 269
16 , 270, 737
28 , 270, 887
24 , 270, 843
58 , 270, 270
41 , 271, 798
31 , 271, 271
32 , 272, 138
46 , 272, 725
68 , 272, 272
40 , 273, 895
7 , 273, 42
46 , 273, 198
2 , 273, 47
26 , 273, 663
6 , 273, 122
36 , 273, 159
26 , 273, 222
29 , 273, 557
208 , 273, 273
12 , 274, 556
14 , 274, 189
20 , 274, 918
12 , 274, 928
11 , 274, 532
43 , 274, 352
11 , 274, 599
39 , 274, 74
2 , 274, 979
154 , 274, 274
18 , 275, 939
7 , 275, 780
47 , 275, 281
62 , 275, 275
25 , 276, 181
9 , 276, 59
42 , 276, 979
36 , 276, 877
1 , 276, 434
29 , 276, 878
36 , 276, 821
47 , 276, 856
48 , 276, 106
263 , 276, 276
5 , 277, 214
32 , 277, 609
16 , 277, 145
29 , 277, 831
27 , 277, 747
13 , 277, 142
40 , 277, 240
38 , 277, 983
39 , 277, 393
229 , 277, 277
9 , 278, 371
21 , 278, 755
14 , 278, 414
12 , 278, 112
9 , 278, 973
24 , 278, 61
9 , 278, 66
88 , 278, 278
49 , 279, 451
22 , 279, 989
16 , 279, 17
2 , 279, 565
41 , 279, 138
120 , 279, 279
10 , 280, 487
5 , 280, 475
24 , 280, 814
39 , 280, 817
48 , 280, 180
34 , 280, 936
150 , 280, 280
41 , 281, 680
31 , 281, 281
18 , 282, 518
8 , 282, 282
26 , 283, 17
33 , 283, 169
45 , 283, 610
15 , 283, 446
2 , 283, 846
6 , 283, 948
16 , 283, 221
133 , 283, 283
44 , 284, 496
34 , 284, 284
34 , 285, 960
26 , 285, 451
5 , 285, 994
41 , 285, 921
15 , 285, 831
21 , 285, 115
17 , 285, 992
43 , 285, 288
192 , 285, 285
14 , 286, 785
7 , 286, 782
16 , 286, 59
46 , 286, 224
39 , 286, 926
45 , 286, 883
2 , 286, 157
26 , 286, 481
185 , 286, 286
34 , 287, 193
5 , 287, 794
29 , 287, 287
25 , 288, 298
36 , 288, 699
43 , 288, 59
32 , 288, 184
46 , 288, 138
26 , 288, 572
40 , 288, 483
2 , 288, 966
15 , 288, 820
255 , 288, 288
11 , 289, 688
34 , 289, 537
34 , 289, 930
32 , 289, 422
36 , 289, 1008
40 , 289, 113
32 , 289, 634
16 , 289, 244
225 , 289, 289
25 , 290, 813
10 , 290, 306
32 , 290, 973
43 , 290, 414
4 , 290, 497
45 , 290, 824
38 , 290, 591
20 , 290, 249
207 , 290, 290
33 , 291, 313
46 , 291, 113
40 , 291, 104
39 , 291, 431
33 , 291, 505
29 , 291, 609
29 , 291, 181
2 , 291, 809
241 , 291, 291
11 , 292, 103
18 , 292, 291
13 , 292, 571
4 , 292, 756
17 , 292, 971
29 , 292, 216
16 , 292, 75
98 , 292, 292
42 , 293, 458
22 , 293, 435
37 , 293, 921
8 , 293, 368
12 , 293, 318
46 , 293, 345
30 , 293, 877
187 , 293, 293
46 , 294, 228
47 , 294, 874
14 , 294, 666
34 , 294, 30
15 , 294, 456
146 , 294, 294
6 , 295, 362
2 , 295, 120
33 , 295, 443
17 , 295, 415
45 , 295, 479
4 , 295, 920
19 , 295, 791
38 , 295, 721
42 , 295, 877
196 , 295, 295
47 , 296, 197
2 , 296, 71
8 , 296, 810
47 , 296, 296
9 , 297, 829
49 , 297, 875
20 , 297, 296
36 , 297, 600
104 , 297, 297
12 , 298, 891
3 , 298, 29
41 , 298, 983
17 , 298, 112
44 , 298, 473
31 , 298, 783
8 , 298, 823
9 , 298, 106
49 , 298, 523
204 , 298, 298
26 , 299, 668
7 , 299, 366
34 , 299, 672
46 , 299, 73
31 , 299, 450
49 , 299, 616
38 , 299, 851
43 , 299, 976
5 , 299, 673
269 , 299, 299
17 , 300, 595
41 , 300, 295
33 , 300, 353
29 , 300, 256
5 , 300, 33
4 , 300, 930
119 , 300, 300
2 , 301, 448
-8 , 301, 301
29 , 302, 200
20 , 302, 10
39 , 302, 302
22 , 303, 432
12 , 303, 303
1 , 304, 55
36 , 304, 135
30 , 304, 519
10 , 304, 34
38 , 304, 273
40 , 304, 1006
145 , 304, 304
31 , 305, 87
42 , 305, 42
20 , 305, 31
11 , 305, 595
31 , 305, 510
33 , 305, 480
13 , 305, 822
2 , 305, 304
173 , 305, 305
21 , 306, 322
47 , 306, 705
6 , 306, 174
36 , 306, 674
27 , 306, 556
33 , 306, 43
160 , 306, 306
40 , 307, 485
14 , 307, 1003
37 , 307, 269
18 , 307, 482
5 , 307, 442
8 , 307, 1008
6 , 307, 246
1 , 307, 142
119 , 307, 307
26 , 308, 786
2 , 308, 444
23 , 308, 574
12 , 308, 58
25 , 308, 855
45 , 308, 368
20 , 308, 501
33 , 308, 222
176 , 308, 308
42 , 309, 416
34 , 309, 549
37 , 309, 126
43 , 309, 850
9 , 309, 679
16 , 309, 1004
32 , 309, 889
33 , 309, 728
15 , 309, 664
251 , 309, 309
16 , 310, 890
39 , 310, 563
5 , 310, 541
46 , 310, 649
25 , 310, 917
121 , 310, 310
37 , 311, 684
30 , 311, 34
35 , 311, 645
23 , 311, 408
23 , 311, 537
36 , 311, 189
35 , 311, 522
209 , 311, 311
45 , 312, 499
35 , 312, 353
70 , 312, 312
35 , 313, 279
25 , 313, 313
33 , 314, 138
46 , 314, 168
35 , 314, 416
104 , 314, 314
21 , 315, 44
32 , 315, 492
38 , 315, 463
36 , 315, 168
117 , 315, 315
15 , 316, 846
48 , 316, 776
36 , 316, 531
26 , 316, 379
21 , 316, 674
45 , 316, 558
14 , 316, 819
22 , 316, 209
217 , 316, 316
20 , 317, 416
4 , 317, 927
30 , 317, 130
41 , 317, 408
10 , 317, 919
95 , 317, 317
17 , 318, 529
25 , 318, 872
32 , 318, 318
49 , 319, 367
40 , 319, 40
79 , 319, 319
6 , 320, 816
3 , 320, 990
17 , 320, 299
42 , 320, 967
16 , 320, 24
74 , 320, 320
36 , 321, 245
48 , 321, 338
14 , 321, 61
15 , 321, 476
40 , 321, 336
143 , 321, 321
14 , 322, 674
12 , 322, 296
38 , 322, 514
25 , 322, 934
79 , 322, 322
49 , 323, 651
29 , 323, 121
38 , 323, 773
21 , 323, 833
41 , 323, 945
39 , 323, 756
15 , 323, 210
23 , 323, 129
245 , 323, 323
20 , 324, 619
3 , 324, 180
8 , 324, 331
29 , 324, 346
39 , 324, 327
89 , 324, 324
21 , 325, 421
9 , 325, 199
22 , 325, 466
42 , 325, 325
16 , 326, 388
20 , 326, 520
49 , 326, 655
44 , 326, 648
119 , 326, 326
28 , 327, 974
27 , 327, 73
23 , 327, 627
27 , 327, 689
11 , 327, 125
106 , 327, 327
34 , 328, 382
37 , 328, 697
13 , 328, 9
26 , 328, 115
45 , 328, 541
6 , 328, 746
9 , 328, 777
46 , 328, 257
23 , 328, 756
229 , 328, 328
29 , 329, 823
26 , 329, 625
35 , 329, 985
21 , 329, 84
7 , 329, 887
108 , 329, 329
37 , 330, 451
19 , 330, 404
15 , 330, 144
42 , 330, 417
7 , 330, 966
9 , 330, 45
36 , 330, 641
15 , 330, 86
19 , 330, 259
189 , 330, 330
13 , 331, 387
28 , 331, 5
31 , 331, 331
18 , 332, 341
6 , 332, 587
28 , 332, 474
45 , 332, 123
24 , 332, 4
24 , 332, 815
35 , 332, 602
21 , 332, 841
45 , 332, 1006
236 , 332, 332
38 , 333, 135
8 , 333, 911
22 , 333, 599
31 , 333, 831
89 , 333, 333
32 , 334, 748
40 , 334, 1000
8 , 334, 145
2 , 334, 330
18 , 334, 317
11 , 334, 568
28 , 334, 104
129 , 334, 334
13 , 335, 260
42 , 335, 798
45 , 335, 335
17 , 336, 56
8 , 336, 594
37 , 336, 902
33 , 336, 884
14 , 336, 258
46 , 336, 838
145 , 336, 336
25 , 337, 655
13 , 337, 747
42 , 337, 919
19 , 337, 832
18 , 337, 768
48 , 337, 624
29 , 337, 347
16 , 337, 963
200 , 337, 337
8 , 338, 862
25 , 338, 439
18 , 338, 148
35 , 338, 594
6 , 338, 595
6 , 338, 438
10 , 338, 751
8 , 338, 758
44 , 338, 301
150 , 338, 338
24 , 339, 808
44 , 339, 1018
39 , 339, 700
19 , 339, 605
2 , 339, 268
23 , 339, 939
141 , 339, 339
9 , 340, 563
37 , 340, 1018
16 , 340, 803
52 , 340, 340
19 , 341, 215
49 , 341, 1010
58 , 341, 341
15 , 342, 572
5 , 342, 342
36 , 343, 117
28 , 343, 956
54 , 343, 343
8 , 344, 784
46 , 344, 513
15 , 344, 460
16 , 344, 120
75 , 344, 344
32 , 345, 426
33 , 345, 843
6 , 345, 56
12 , 345, 400
24 , 345, 865
42 , 345, 960
22 , 345, 905
46 , 345, 618
32 , 345, 986
239 , 345, 345
25 , 346, 296
15 , 346, 216
9 , 346, 467
17 , 346, 316
4 , 346, 1011
24 , 346, 255
84 , 346, 346
22 , 347, 121
33 , 347, 693
17 , 347, 433
62 , 347, 347
23 , 348, 796
25 , 348, 882
35 , 348, 757
73 , 348, 348
22 , 349, 920
12 , 349, 349
45 , 350, 786
20 , 350, 691
38 , 350, 689
22 , 350, 257
43 , 350, 8
4 , 350, 922
26 , 350, 801
16 , 350, 491
204 , 350, 350
40 , 351, 744
39 , 351, 869
69 , 351, 351
29 , 352, 131
22 , 352, 374
2 , 352, 225
4 , 352, 441
47 , 352, 352
34 , 353, 150
24 , 353, 106
48 , 353, 353
13 , 354, 486
22 , 354, 796
3 , 354, 287
7 , 354, 942
33 , 354, 813
68 , 354, 354
45 , 355, 891
11 , 355, 616
9 , 355, 721
7 , 355, 432
22 , 355, 165
84 , 355, 355
42 , 356, 444
28 , 356, 644
11 , 356, 175
35 , 356, 205
106 , 356, 356
16 , 357, 1004
6 , 357, 798
49 , 357, 44
46 , 357, 268
20 , 357, 974
6 , 357, 791
45 , 357, 878
41 , 357, 988
38 , 357, 184
257 , 357, 357
4 , 358, 397
3 , 358, 894
-3 , 358, 358
4 , 359, 927
2 , 359, 265
-4 , 359, 359
11 , 360, 194
1 , 360, 360
24 , 361, 429
35 , 361, 278
46 , 361, 160
95 , 361, 361
5 , 362, 156
41 , 362, 525
31 , 362, 491
2 , 362, 867
42 , 362, 292
111 , 362, 362
12 , 363, 499
11 , 363, 807
5 , 363, 954
19 , 363, 263
28 , 363, 635
28 , 363, 956
21 , 363, 274
40 , 363, 24
48 , 363, 772
202 , 363, 363
45 , 364, 765
10 , 364, 602
16 , 364, 460
61 , 364, 364
15 , 365, 944
26 , 365, 800
29 , 365, 137
32 , 365, 957
36 , 365, 997
5 , 365, 963
133 , 365, 365
32 , 366, 278
15 , 366, 40
18 , 366, 207
32 , 366, 100
87 , 366, 366
46 , 367, 126
28 , 367, 110
45 , 367, 987
19 , 367, 744
12 , 367, 193
49 , 367, 918
17 , 367, 318
206 , 367, 367
43 , 368, 533
33 , 368, 368
3 , 369, 998
36 , 369, 202
3 , 369, 620
18 , 369, 423
47 , 369, 276
16 , 369, 654
15 , 369, 552
17 , 369, 501
36 , 369, 428
181 , 369, 369
47 , 370, 859
37 , 370, 370
24 , 371, 320
10 , 371, 894
25 , 371, 739
12 , 371, 734
2 , 371, 49
12 , 371, 546
11 , 371, 563
40 , 371, 687
14 , 371, 654
140 , 371, 371
10 , 372, 377
17 , 372, 250
37 , 372, 25
54 , 372, 372
15 , 373, 246
38 , 373, 33
15 , 373, 955
37 , 373, 172
95 , 373, 373
19 , 374, 622
30 , 374, 569
39 , 374, 374
40 , 375, 153
19 , 375, 185
26 , 375, 732
11 , 375, 998
43 , 375, 480
7 , 375, 471
36 , 375, 397
172 , 375, 375
7 , 376, 661
15 , 376, 286
12 , 376, 376
49 , 377, 662
42 , 377, 550
19 , 377, 489
13 , 377, 917
17 , 377, 881
10 , 377, 1
140 , 377, 377
3 , 378, 15
12 , 378, 504
4 , 378, 616
34 , 378, 488
43 , 378, 441
2 , 378, 267
21 , 378, 893
44 , 378, 803
16 , 378, 837
169 , 378, 378
39 , 379, 670
7 , 379, 148
4 , 379, 306
32 , 379, 487
20 , 379, 351
48 , 379, 744
140 , 379, 379
16 , 380, 582
29 , 380, 740
9 , 380, 446
33 , 380, 895
35 , 380, 165
112 , 380, 380
20 , 381, 935
42 , 381, 372
27 , 381, 710
45 , 381, 278
3 , 381, 60
18 , 381, 507
145 , 381, 381
35 , 382, 780
28 , 382, 360
1 , 382, 469
14 , 382, 785
68 , 382, 382
26 , 383, 773
37 , 383, 745
38 , 383, 329
91 , 383, 383
46 , 384, 313
43 , 384, 72
23 , 384, 239
9 , 384, 400
31 , 384, 57
39 , 384, 464
181 , 384, 384
23 , 385, 851
31 , 385, 585
42 , 385, 414
37 , 385, 440
19 , 385, 7
38 , 385, 83
33 , 385, 328
8 , 385, 246
221 , 385, 385
38 , 386, 7
20 , 386, 958
8 , 386, 229
23 , 386, 773
48 , 386, 684
20 , 386, 647
46 , 386, 659
38 , 386, 451
46 , 386, 446
277 , 386, 386
25 , 387, 421
19 , 387, 5
47 , 387, 353
4 , 387, 1014
8 , 387, 674
93 , 387, 387
41 , 388, 29
37 , 388, 228
32 , 388, 387
36 , 388, 30
8 , 388, 884
35 , 388, 677
34 , 388, 133
27 , 388, 589
26 , 388, 214
266 , 388, 388
36 , 389, 209
20 , 389, 405
48 , 389, 885
49 , 389, 451
143 , 389, 389
23 , 390, 489
1 , 390, 59
17 , 390, 113
21 , 390, 752
52 , 390, 390
29 , 391, 323
44 , 391, 886
17 , 391, 304
28 , 391, 196
34 , 391, 903
7 , 391, 568
31 , 391, 311
41 , 391, 987
49 , 391, 819
270 , 391, 391
49 , 392, 999
39 , 392, 392
49 , 393, 27
45 , 393, 390
1 , 393, 280
33 , 393, 221
35 , 393, 520
45 , 393, 73
20 , 393, 219
17 , 393, 744
2 , 393, 60
237 , 393, 393
23 , 394, 92
5 , 394, 372
20 , 394, 459
30 , 394, 396
15 , 394, 42
30 , 394, 434
8 , 394, 956
8 , 394, 735
129 , 394, 394
17 , 395, 213
28 , 395, 182
49 , 395, 484
20 , 395, 942
12 , 395, 688
14 , 395, 627
34 , 395, 226
11 , 395, 650
18 , 395, 452
193 , 395, 395
26 , 396, 52
16 , 396, 328
38 , 396, 406
15 , 396, 588
47 , 396, 278
9 , 396, 28
21 , 396, 776
10 , 396, 313
16 , 396, 650
188 , 396, 396
20 , 397, 857
25 , 397, 428
35 , 397, 397
24 , 398, 174
43 , 398, 213
36 , 398, 619
16 , 398, 354
109 , 398, 398
34 , 399, 133
11 , 399, 911
15 , 399, 694
32 , 399, 923
32 , 399, 712
25 , 399, 905
139 , 399, 399
26 , 400, 36
24 , 400, 504
37 , 400, 647
25 , 400, 197
1 , 400, 92
44 , 400, 0
6 , 400, 859
21 , 400, 346
174 , 400, 400
34 , 401, 483
29 , 401, 571
8 , 401, 423
45 , 401, 14
38 , 401, 676
20 , 401, 736
164 , 401, 401
16 , 402, 598
7 , 402, 553
21 , 402, 811
39 , 402, 1001
29 , 402, 56
39 , 402, 503
44 , 402, 298
48 , 402, 406
17 , 402, 640
250 , 402, 402
30 , 403, 330
48 , 403, 504
40 , 403, 234
43 , 403, 839
1 , 403, 1013
152 , 403, 403
27 , 404, 269
43 , 404, 553
31 , 404, 520
91 , 404, 404
35 , 405, 594
42 , 405, 648
16 , 405, 865
17 , 405, 547
20 , 405, 957
16 , 405, 425
32 , 405, 734
6 , 405, 347
20 , 405, 279
194 , 405, 405
45 , 406, 855
13 , 406, 435
42 , 406, 599
17 , 406, 836
31 , 406, 155
21 , 406, 568
22 , 406, 804
181 , 406, 406
30 , 407, 429
24 , 407, 291
3 , 407, 647
47 , 407, 407
44 , 408, 945
14 , 408, 191
20 , 408, 448
38 , 408, 765
13 , 408, 82
8 , 408, 106
3 , 408, 745
8 , 408, 922
38 , 408, 679
176 , 408, 408
45 , 409, 125
5 , 409, 294
23 , 409, 735
41 , 409, 714
30 , 409, 65
134 , 409, 409
20 , 410, 935
43 , 410, 243
24 , 410, 830
21 , 410, 343
9 , 410, 286
44 , 410, 974
151 , 410, 410
36 , 411, 746
15 , 411, 404
4 , 411, 566
33 , 411, 612
5 , 411, 696
83 , 411, 411
45 , 412, 707
42 , 412, 323
37 , 412, 823
47 , 412, 152
39 , 412, 948
38 , 412, 126
30 , 412, 855
7 , 412, 789
10 , 412, 87
285 , 412, 412
46 , 413, 103
32 , 413, 56
42 , 413, 64
36 , 413, 65
49 , 413, 576
23 , 413, 561
1 , 413, 46
219 , 413, 413
39 , 414, 302
12 , 414, 655
24 , 414, 766
35 , 414, 887
31 , 414, 377
131 , 414, 414
48 , 415, 714
44 , 415, 760
29 , 415, 30
38 , 415, 219
22 , 415, 944
12 , 415, 277
17 , 415, 888
15 , 415, 1017
215 , 415, 415
9 , 416, 530
39 , 416, 410
19 , 416, 447
40 , 416, 234
32 , 416, 173
22 , 416, 547
11 , 416, 632
41 , 416, 102
203 , 416, 416
32 , 417, 752
11 , 417, 674
13 , 417, 541
46 , 417, 417
45 , 418, 952
10 , 418, 384
20 , 418, 477
65 , 418, 418
46 , 419, 668
14 , 419, 319
10 , 419, 693
2 , 419, 491
21 , 419, 984
30 , 419, 238
11 , 419, 795
124 , 419, 419
1 , 420, 186
33 , 420, 38
8 , 420, 204
45 , 420, 498
14 , 420, 140
34 , 420, 209
12 , 420, 373
41 , 420, 431
178 , 420, 420
40 , 421, 117
30 , 421, 421
11 , 422, 663
1 , 422, 422
32 , 423, 663
37 , 423, 121
29 , 423, 860
24 , 423, 164
29 , 423, 879
10 , 423, 553
11 , 423, 416
24 , 423, 926
16 , 423, 892
202 , 423, 423
1 , 424, 39
-9 , 424, 424
9 , 425, 875
17 , 425, 132
25 , 425, 64
40 , 425, 832
5 , 425, 783
49 , 425, 299
10 , 425, 830
36 , 425, 523
20 , 425, 223
201 , 425, 425
25 , 426, 399
9 , 426, 317
31 , 426, 132
7 , 426, 437
1 , 426, 587
19 , 426, 200
82 , 426, 426
14 , 427, 651
24 , 427, 366
20 , 427, 803
47 , 427, 172
11 , 427, 611
15 , 427, 360
29 , 427, 379
28 , 427, 637
178 , 427, 427
32 , 428, 819
10 , 428, 779
16 , 428, 733
48 , 428, 272
4 , 428, 904
15 , 428, 573
115 , 428, 428
33 , 429, 887
41 , 429, 770
47 , 429, 978
111 , 429, 429
4 , 430, 1004
4 , 430, 154
21 , 430, 304
38 , 430, 226
16 , 430, 136
30 , 430, 829
103 , 430, 430
37 , 431, 317
39 , 431, 627
4 , 431, 645
34 , 431, 632
37 , 431, 16
2 , 431, 414
28 , 431, 222
22 , 431, 521
193 , 431, 431
8 , 432, 83
33 , 432, 867
23 , 432, 397
46 , 432, 210
1 , 432, 245
20 , 432, 807
22 , 432, 20
32 , 432, 857
24 , 432, 937
199 , 432, 432
7 , 433, 305
32 , 433, 1016
17 , 433, 582
40 , 433, 868
26 , 433, 300
29 , 433, 832
3 , 433, 233
33 , 433, 739
10 , 433, 168
187 , 433, 433
27 , 434, 250
27 , 434, 946
43 , 434, 803
13 , 434, 409
100 , 434, 434
15 , 435, 951
1 , 435, 694
31 , 435, 486
3 , 435, 214
38 , 435, 10
14 , 435, 49
92 , 435, 435
22 , 436, 53
22 , 436, 156
17 , 436, 780
48 , 436, 767
34 , 436, 217
19 , 436, 776
152 , 436, 436
12 , 437, 219
11 , 437, 289
13 , 437, 437
5 , 438, 737
1 , 438, 160
-4 , 438, 438
48 , 439, 791
42 , 439, 574
34 , 439, 31
5 , 439, 435
23 , 439, 650
38 , 439, 819
10 , 439, 417
32 , 439, 612
10 , 439, 423
232 , 439, 439
19 , 440, 312
39 , 440, 955
48 , 440, 440
1 , 441, 623
23 , 441, 565
49 , 441, 440
63 , 441, 441
7 , 442, 486
34 , 442, 793
12 , 442, 161
4 , 442, 400
12 , 442, 249
1 , 442, 251
60 , 442, 442
32 , 443, 845
38 , 443, 821
28 , 443, 2
26 , 443, 130
45 , 443, 784
5 , 443, 813
164 , 443, 443
7 , 444, 192
1 , 444, 623
27 , 444, 948
3 , 444, 147
42 , 444, 39
70 , 444, 444
49 , 445, 88
5 , 445, 118
48 , 445, 407
15 , 445, 735
23 , 445, 293
130 , 445, 445
49 , 446, 137
19 , 446, 1019
20 , 446, 453
18 , 446, 404
28 , 446, 916
31 , 446, 407
155 , 446, 446
36 , 447, 617
31 , 447, 182
9 , 447, 560
39 , 447, 214
38 , 447, 910
22 , 447, 112
165 , 447, 447
6 , 448, 619
47 , 448, 311
11 , 448, 430
19 , 448, 507
5 , 448, 71
78 , 448, 448
38 , 449, 973
45 , 449, 883
42 , 449, 612
26 , 449, 571
3 , 449, 959
49 , 449, 574
17 , 449, 780
210 , 449, 449
14 , 450, 433
43 , 450, 713
4 , 450, 676
51 , 450, 450
31 , 451, 553
26 , 451, 903
47 , 451, 451
49 , 452, 441
24 , 452, 236
12 , 452, 835
7 , 452, 143
41 , 452, 242
29 , 452, 403
11 , 452, 952
46 , 452, 526
33 , 452, 237
242 , 452, 452
4 , 453, 456
2 , 453, 825
26 , 453, 576
31 , 453, 691
23 , 453, 1008
76 , 453, 453
43 , 454, 74
19 , 454, 210
39 , 454, 101
49 , 454, 35
29 , 454, 198
2 , 454, 871
171 , 454, 454
32 , 455, 273
43 , 455, 367
49 , 455, 62
4 , 455, 433
5 , 455, 199
123 , 455, 455
28 , 456, 772
22 , 456, 996
40 , 456, 456
35 , 457, 222
34 , 457, 507
34 , 457, 413
93 , 457, 457
15 , 458, 853
31 , 458, 642
9 , 458, 730
46 , 458, 588
27 , 458, 729
21 , 458, 89
18 , 458, 330
13 , 458, 77
170 , 458, 458
46 , 459, 930
44 , 459, 747
45 , 459, 190
46 , 459, 964
171 , 459, 459
4 , 460, 785
10 , 460, 514
4 , 460, 460
19 , 461, 63
16 , 461, 657
35 , 461, 944
18 , 461, 49
20 , 461, 832
25 , 461, 458
123 , 461, 461
44 , 462, 56
32 , 462, 767
66 , 462, 462
5 , 463, 126
1 , 463, 773
6 , 463, 8
43 , 463, 438
41 , 463, 662
23 , 463, 737
49 , 463, 274
158 , 463, 463
35 , 464, 618
2 , 464, 244
24 , 464, 32
48 , 464, 563
38 , 464, 234
37 , 464, 128
174 , 464, 464
42 , 465, 936
43 , 465, 111
31 , 465, 298
41 , 465, 473
34 , 465, 426
181 , 465, 465
35 , 466, 383
49 , 466, 922
74 , 466, 466
36 , 467, 495
43 , 467, 489
16 , 467, 960
38 , 467, 283
25 , 467, 272
19 , 467, 755
14 , 467, 238
181 , 467, 467
20 , 468, 81
48 , 468, 357
58 , 468, 468
48 , 469, 707
38 , 469, 469
38 , 470, 127
3 , 470, 433
31 , 470, 470
41 , 471, 787
12 , 471, 983
31 , 471, 479
18 , 471, 248
44 , 471, 214
38 , 471, 977
174 , 471, 471
45 , 472, 187
43 , 472, 77
18 , 472, 751
37 , 472, 503
49 , 472, 904
182 , 472, 472
4 , 473, 692
31 , 473, 418
29 , 473, 434
54 , 473, 473
6 , 474, 506
-4 , 474, 474
25 , 475, 668
10 , 475, 953
32 , 475, 272
22 , 475, 909
27 , 475, 82
48 , 475, 254
154 , 475, 475
27 , 476, 834
25 , 476, 512
42 , 476, 476
25 , 477, 139
21 , 477, 196
40 , 477, 798
31 , 477, 980
47 , 477, 735
7 , 477, 95
10 , 477, 413
171 , 477, 477
27 , 478, 721
17 , 478, 478
3 , 479, 72
40 , 479, 423
24 , 479, 94
19 , 479, 642
35 , 479, 400
30 , 479, 573
8 , 479, 216
149 , 479, 479
34 , 480, 917
31 , 480, 76
33 , 480, 431
22 , 480, 842
37 , 480, 620
18 , 480, 874
29 , 480, 471
9 , 480, 937
203 , 480, 480
41 , 481, 613
27 , 481, 711
22 , 481, 636
35 , 481, 237
17 , 481, 817
132 , 481, 481
43 , 482, 147
33 , 482, 482
15 , 483, 86
41 , 483, 673
38 , 483, 436
26 , 483, 468
41 , 483, 405
151 , 483, 483
9 , 484, 356
47 , 484, 134
28 , 484, 740
9 , 484, 602
83 , 484, 484
40 , 485, 873
44 , 485, 114
20 , 485, 1006
94 , 485, 485
46 , 486, 316
36 , 486, 247
43 , 486, 250
24 , 486, 373
38 , 486, 965
27 , 486, 234
4 , 486, 209
208 , 486, 486
46 , 487, 205
35 , 487, 754
32 , 487, 121
43 , 487, 24
32 , 487, 547
178 , 487, 487
39 , 488, 600
39 , 488, 275
9 , 488, 483
45 , 488, 957
12 , 488, 991
134 , 488, 488
35 , 489, 152
29 , 489, 919
30 , 489, 882
1 , 489, 628
43 , 489, 262
12 , 489, 41
140 , 489, 489
23 , 490, 208
33 , 490, 813
36 , 490, 288
7 , 490, 366
39 , 490, 1012
24 , 490, 412
37 , 490, 603
49 , 490, 4
238 , 490, 490
40 , 491, 55
6 , 491, 981
25 , 491, 800
42 , 491, 1013
47 , 491, 706
34 , 491, 27
29 , 491, 38
5 , 491, 562
39 , 491, 563
257 , 491, 491
20 , 492, 766
32 , 492, 884
30 , 492, 513
22 , 492, 283
1 , 492, 160
5 , 492, 838
27 , 492, 130
29 , 492, 642
1 , 492, 313
157 , 492, 492
37 , 493, 653
26 , 493, 292
23 , 493, 609
47 , 493, 403
25 , 493, 365
148 , 493, 493
12 , 494, 557
10 , 494, 550
23 , 494, 911
9 , 494, 446
24 , 494, 310
32 , 494, 307
15 , 494, 671
115 , 494, 494
46 , 495, 908
18 , 495, 940
11 , 495, 352
36 , 495, 74
39 , 495, 407
4 , 495, 849
44 , 495, 884
48 , 495, 172
33 , 495, 468
269 , 495, 495
34 , 496, 697
14 , 496, 944
14 , 496, 754
52 , 496, 496
46 , 497, 489
48 , 497, 462
46 , 497, 581
41 , 497, 482
39 , 497, 948
210 , 497, 497
5 , 498, 588
1 , 498, 985
21 , 498, 81
28 , 498, 453
4 , 498, 69
30 , 498, 518
41 , 498, 427
3 , 498, 992
123 , 498, 498
17 , 499, 670
27 , 499, 986
47 , 499, 624
23 , 499, 893
12 , 499, 912
29 , 499, 600
39 , 499, 177
41 , 499, 71
20 , 499, 296
245 , 499, 499
47 , 500, 245
32 , 500, 150
39 , 500, 160
3 , 500, 456
12 , 500, 540
123 , 500, 500
42 , 501, 219
13 , 501, 539
11 , 501, 164
42 , 501, 939
20 , 501, 847
49 , 501, 512
26 , 501, 581
36 , 501, 884
229 , 501, 501
3 , 502, 340
48 , 502, 460
41 , 502, 502
28 , 503, 266
23 , 503, 957
11 , 503, 97
17 , 503, 943
27 , 503, 418
40 , 503, 960
1 , 503, 643
44 , 503, 780
181 , 503, 503
12 , 504, 914
33 , 504, 44
1 , 504, 727
35 , 504, 252
33 , 504, 437
34 , 504, 929
21 , 504, 530
13 , 504, 203
40 , 504, 696
212 , 504, 504
32 , 505, 824
16 , 505, 762
27 , 505, 122
21 , 505, 410
5 , 505, 761
91 , 505, 505
34 , 506, 746
5 , 506, 315
49 , 506, 562
25 , 506, 611
39 , 506, 594
142 , 506, 506
38 , 507, 1016
28 , 507, 507
23 , 508, 424
8 , 508, 232
37 , 508, 308
13 , 508, 461
71 , 508, 508
2 , 509, 762
28 , 509, 622
4 , 509, 936
49 , 509, 137
37 , 509, 889
9 , 509, 976
119 , 509, 509
5 , 510, 601
26 , 510, 817
16 , 510, 842
5 , 510, 858
42 , 510, 510
46 , 511, 774
35 , 511, 637
71 , 511, 511
36 , 512, 486
26 , 512, 512
38 , 513, 336
3 , 513, 258
49 , 513, 345
80 , 513, 513
25 , 514, 666
24 , 514, 104
13 , 514, 437
52 , 514, 514
26 , 515, 357
34 , 515, 263
50 , 515, 515
26 , 516, 587
44 , 516, 280
11 , 516, 885
25 , 516, 419
46 , 516, 25
21 , 516, 572
13 , 516, 18
30 , 516, 566
9 , 516, 738
215 , 516, 516
9 , 517, 964
46 , 517, 1015
3 , 517, 606
41 , 517, 45
46 , 517, 103
7 , 517, 267
12 , 517, 523
19 , 517, 949
173 , 517, 517
3 , 518, 253
41 , 518, 468
49 , 518, 419
18 , 518, 691
38 , 518, 449
11 , 518, 851
150 , 518, 518
24 , 519, 131
25 , 519, 863
20 , 519, 785
27 , 519, 610
36 , 519, 867
21 , 519, 312
143 , 519, 519
49 , 520, 343
41 , 520, 963
12 , 520, 513
35 , 520, 735
127 , 520, 520
30 , 521, 322
36 , 521, 663
56 , 521, 521
32 , 522, 412
39 , 522, 153
20 , 522, 580
18 , 522, 743
28 , 522, 889
127 , 522, 522
37 , 523, 720
24 , 523, 277
51 , 523, 523
4 , 524, 31
44 , 524, 866
15 , 524, 146
2 , 524, 18
29 , 524, 410
84 , 524, 524
26 , 525, 1007
28 , 525, 4
29 , 525, 871
73 , 525, 525
49 , 526, 3
42 , 526, 848
16 , 526, 954
97 , 526, 526
48 , 527, 642
30 , 527, 361
1 , 527, 734
44 , 527, 145
113 , 527, 527
35 , 528, 911
22 , 528, 601
8 , 528, 144
29 , 528, 304
84 , 528, 528
10 , 529, 878
27 , 529, 948
22 , 529, 336
23 , 529, 722
33 , 529, 564
105 , 529, 529
1 , 530, 815
34 , 530, 379
22 , 530, 455
2 , 530, 936
30 , 530, 981
38 , 530, 357
35 , 530, 498
10 , 530, 967
24 , 530, 640
186 , 530, 530
49 , 531, 466
5 , 531, 841
15 , 531, 832
22 , 531, 612
26 , 531, 126
23 , 531, 601
37 , 531, 1016
47 , 531, 388
214 , 531, 531
25 , 532, 150
28 , 532, 191
43 , 532, 390
6 , 532, 315
39 , 532, 829
21 , 532, 431
14 , 532, 440
13 , 532, 693
179 , 532, 532
10 , 533, 8
13 , 533, 624
38 , 533, 269
51 , 533, 533
14 , 534, 883
4 , 534, 386
16 , 534, 734
36 , 534, 825
24 , 534, 458
2 , 534, 424
9 , 534, 488
95 , 534, 534
32 , 535, 933
24 , 535, 356
16 , 535, 622
4 , 535, 528
16 , 535, 938
36 , 535, 458
118 , 535, 535
37 , 536, 229
1 , 536, 221
17 , 536, 406
15 , 536, 377
43 , 536, 326
8 , 536, 889
8 , 536, 968
21 , 536, 890
36 , 536, 435
176 , 536, 536
21 , 537, 746
22 , 537, 278
33 , 537, 537
23 , 538, 609
31 , 538, 614
44 , 538, 538
46 , 539, 565
1 , 539, 443
4 , 539, 329
33 , 539, 60
4 , 539, 549
3 , 539, 472
33 , 539, 588
21 , 539, 824
20 , 539, 969
155 , 539, 539
38 , 540, 1009
47 , 540, 268
23 , 540, 253
43 , 540, 756
31 , 540, 876
48 , 540, 301
3 , 540, 855
223 , 540, 540
43 , 541, 188
33 , 541, 541
1 , 542, 790
49 , 542, 216
12 , 542, 690
49 , 542, 508
12 , 542, 925
9 , 542, 826
30 , 542, 161
152 , 542, 542
35 , 543, 466
15 , 543, 535
17 , 543, 771
13 , 543, 601
6 , 543, 33
43 , 543, 634
43 , 543, 232
162 , 543, 543
42 , 544, 820
33 , 544, 16
65 , 544, 544
2 , 545, 935
3 , 545, 767
6 , 545, 823
29 , 545, 703
20 , 545, 771
28 , 545, 133
9 , 545, 148
87 , 545, 545
15 , 546, 464
28 , 546, 490
34 , 546, 570
33 , 546, 542
37 , 546, 323
30 , 546, 326
15 , 546, 336
21 , 546, 921
203 , 546, 546
2 , 547, 1012
46 , 547, 980
4 , 547, 877
25 , 547, 220
67 , 547, 547
49 , 548, 370
29 , 548, 676
68 , 548, 548
9 , 549, 812
29 , 549, 593
28 , 549, 549
33 , 550, 642
46 , 550, 412
33 , 550, 153
39 , 550, 376
35 , 550, 411
20 , 550, 1013
29 , 550, 440
225 , 550, 550
21 , 551, 357
39 , 551, 875
50 , 551, 551
44 , 552, 189
5 , 552, 767
13 , 552, 830
49 , 552, 849
15 , 552, 852
116 , 552, 552
8 , 553, 983
33 , 553, 702
43 , 553, 993
31 , 553, 1007
1 , 553, 799
106 , 553, 553
40 , 554, 692
30 , 554, 554
45 , 555, 868
11 , 555, 24
17 , 555, 937
34 , 555, 389
41 , 555, 85
28 , 555, 811
166 , 555, 555
29 , 556, 188
15 , 556, 421
22 , 556, 485
2 , 556, 730
23 , 556, 656
37 , 556, 546
10 , 556, 119
128 , 556, 556
28 , 557, 939
11 , 557, 725
18 , 557, 794
33 , 557, 549
45 , 557, 373
22 , 557, 300
3 , 557, 576
150 , 557, 557
45 , 558, 825
46 , 558, 422
44 , 558, 891
9 , 558, 768
134 , 558, 558
35 , 559, 605
18 , 559, 631
43 , 559, 559
6 , 560, 115
35 , 560, 69
14 , 560, 225
1 , 560, 708
25 , 560, 1004
46 , 560, 128
38 , 560, 431
155 , 560, 560
21 , 561, 145
24 , 561, 272
15 , 561, 296
2 , 561, 755
20 , 561, 103
19 , 561, 430
37 , 561, 886
128 , 561, 561
45 , 562, 188
44 , 562, 979
79 , 562, 562
12 , 563, 181
15 , 563, 745
2 , 563, 893
4 , 563, 997
23 , 563, 563
33 , 564, 188
11 , 564, 965
24 , 564, 655
33 , 564, 945
45 , 564, 638
26 , 564, 399
47 , 564, 685
21 , 564, 722
12 , 564, 854
242 , 564, 564
34 , 565, 402
18 , 565, 118
19 , 565, 994
18 , 565, 967
9 , 565, 350
3 , 565, 751
48 , 565, 771
45 , 565, 503
30 , 565, 324
214 , 565, 565
25 , 566, 510
21 , 566, 89
35 , 566, 47
43 , 566, 731
48 , 566, 240
42 , 566, 654
44 , 566, 287
36 , 566, 479
284 , 566, 566
8 , 567, 249
47 , 567, 664
21 , 567, 771
7 , 567, 399
22 , 567, 81
41 , 567, 548
136 , 567, 567
1 , 568, 499
-9 , 568, 568
15 , 569, 380
30 , 569, 725
15 , 569, 899
28 , 569, 563
78 , 569, 569
3 , 570, 36
32 , 570, 324
7 , 570, 169
32 , 570, 570
42 , 571, 863
26 , 571, 413
42 , 571, 699
100 , 571, 571
10 , 572, 508
38 , 572, 600
20 , 572, 497
29 , 572, 472
41 , 572, 330
34 , 572, 913
20 , 572, 554
182 , 572, 572
10 , 573, 340
-1 , 573, 573
41 , 574, 739
36 , 574, 497
67 , 574, 574
33 , 575, 357
27 , 575, 630
28 , 575, 79
78 , 575, 575
34 , 576, 486
18 , 576, 865
47 , 576, 957
6 , 576, 146
13 , 576, 304
40 , 576, 873
44 , 576, 951
43 , 576, 939
235 , 576, 576
14 , 577, 201
8 , 577, 822
11 , 577, 742
47 , 577, 813
29 , 577, 987
99 , 577, 577
30 , 578, 85
14 , 578, 66
26 , 578, 703
18 , 578, 72
78 , 578, 578
47 , 579, 168
47 , 579, 435
32 , 579, 157
116 , 579, 579
37 , 580, 803
46 , 580, 739
24 , 580, 151
97 , 580, 580
3 , 581, 533
41 , 581, 308
29 , 581, 783
15 , 581, 578
32 , 581, 11
19 , 581, 888
39 , 581, 778
168 , 581, 581
38 , 582, 121
3 , 582, 886
20 , 582, 926
51 , 582, 582
49 , 583, 773
24 , 583, 502
37 , 583, 480
29 , 583, 139
48 , 583, 517
38 , 583, 743
2 , 583, 489
35 , 583, 727
252 , 583, 583
11 , 584, 610
27 , 584, 367
30 , 584, 965
32 , 584, 334
90 , 584, 584
31 , 585, 587
40 , 585, 548
6 , 585, 442
48 , 585, 369
26 , 585, 65
14 , 585, 143
43 , 585, 163
37 , 585, 1010
235 , 585, 585
38 , 586, 920
20 , 586, 943
48 , 586, 586
45 , 587, 112
9 , 587, 315
21 , 587, 249
10 , 587, 629
23 , 587, 163
5 , 587, 487
103 , 587, 587
13 , 588, 738
34 , 588, 73
34 , 588, 212
20 , 588, 839
7 , 588, 548
6 , 588, 389
104 , 588, 588
42 , 589, 302
33 , 589, 991
33 , 589, 611
98 , 589, 589
49 , 590, 1013
40 , 590, 751
29 , 590, 973
6 , 590, 741
45 , 590, 921
36 , 590, 525
39 , 590, 483
234 , 590, 590
1 , 591, 191
45 , 591, 499
34 , 591, 163
5 , 591, 984
33 , 591, 92
3 , 591, 968
48 , 591, 731
19 , 591, 304
40 , 591, 195
218 , 591, 591
7 , 592, 689
19 , 592, 611
49 , 592, 782
65 , 592, 592
46 , 593, 558
17 , 593, 746
9 , 593, 384
29 , 593, 813
7 , 593, 551
38 , 593, 681
49 , 593, 290
14 , 593, 766
199 , 593, 593
5 , 594, 680
15 , 594, 186
20 , 594, 877
14 , 594, 709
3 , 594, 800
41 , 594, 205
88 , 594, 594
44 , 595, 19
41 , 595, 862
46 , 595, 488
33 , 595, 378
40 , 595, 107
20 , 595, 202
35 , 595, 423
249 , 595, 595
45 , 596, 985
14 , 596, 432
17 , 596, 366
18 , 596, 144
13 , 596, 538
97 , 596, 596
11 , 597, 132
35 , 597, 13
45 , 597, 105
18 , 597, 301
33 , 597, 625
46 , 597, 874
178 , 597, 597
38 , 598, 794
28 , 598, 598
8 , 599, 843
35 , 599, 97
25 , 599, 205
58 , 599, 599
42 , 600, 822
18 , 600, 366
24 , 600, 979
15 , 600, 418
89 , 600, 600
21 , 601, 710
44 , 601, 883
9 , 601, 362
22 , 601, 168
24 , 601, 593
110 , 601, 601
47 , 602, 10
41 , 602, 811
41 , 602, 617
18 , 602, 489
21 , 602, 223
27 , 602, 290
33 , 602, 89
32 , 602, 949
250 , 602, 602
12 , 603, 594
35 , 603, 944
35 , 603, 738
34 , 603, 112
28 , 603, 1016
24 , 603, 10
33 , 603, 483
191 , 603, 603
25 , 604, 1002
32 , 604, 280
15 , 604, 186
14 , 604, 303
76 , 604, 604
22 , 605, 390
8 , 605, 302
31 , 605, 541
26 , 605, 266
13 , 605, 186
19 , 605, 107
109 , 605, 605
41 , 606, 739
26 , 606, 688
21 , 606, 402
37 , 606, 51
39 , 606, 147
2 , 606, 206
24 , 606, 301
42 , 606, 926
34 , 606, 6
256 , 606, 606
30 , 607, 574
23 , 607, 1015
18 , 607, 485
34 , 607, 879
44 , 607, 396
8 , 607, 320
147 , 607, 607
19 , 608, 822
49 , 608, 275
30 , 608, 627
48 , 608, 684
19 , 608, 460
40 , 608, 624
20 , 608, 865
215 , 608, 608
33 , 609, 804
22 , 609, 209
40 , 609, 247
85 , 609, 609
32 , 610, 575
49 , 610, 594
30 , 610, 204
4 , 610, 971
5 , 610, 403
110 , 610, 610
32 , 611, 851
17 , 611, 818
26 , 611, 927
6 , 611, 565
16 , 611, 693
87 , 611, 611
36 , 612, 742
26 , 612, 612
33 , 613, 603
22 , 613, 358
45 , 613, 613
48 , 614, 207
37 , 614, 1021
9 , 614, 440
36 , 614, 943
41 , 614, 861
161 , 614, 614
23 , 615, 784
41 , 615, 21
49 , 615, 857
23 , 615, 1022
126 , 615, 615
21 , 616, 954
43 , 616, 754
3 , 616, 122
47 , 616, 369
22 , 616, 505
24 , 616, 960
22 , 616, 849
19 , 616, 531
191 , 616, 616
16 , 617, 325
44 , 617, 478
24 , 617, 129
39 , 617, 474
47 , 617, 802
10 , 617, 935
23 , 617, 889
5 , 617, 182
38 , 617, 12
236 , 617, 617
18 , 618, 614
44 , 618, 222
15 , 618, 365
23 , 618, 497
24 , 618, 122
19 , 618, 776
20 , 618, 537
15 , 618, 177
29 , 618, 470
197 , 618, 618
37 , 619, 643
30 , 619, 165
1 , 619, 554
58 , 619, 619
11 , 620, 1015
42 , 620, 647
48 , 620, 774
13 , 620, 297
104 , 620, 620
39 , 621, 1023
11 , 621, 603
10 , 621, 933
26 , 621, 11
22 , 621, 878
98 , 621, 621
24 , 622, 124
49 , 622, 471
12 , 622, 315
14 , 622, 251
8 , 622, 596
31 , 622, 868
48 , 622, 453
176 , 622, 622
45 , 623, 801
16 , 623, 819
51 , 623, 623
48 , 624, 792
31 , 624, 988
45 , 624, 670
49 , 624, 927
31 , 624, 878
45 , 624, 363
239 , 624, 624
45 , 625, 864
35 , 625, 625
33 , 626, 980
49 , 626, 63
47 , 626, 409
41 , 626, 631
49 , 626, 802
24 , 626, 835
233 , 626, 626
9 , 627, 542
45 , 627, 369
9 , 627, 108
17 , 627, 870
70 , 627, 627
18 , 628, 567
44 , 628, 609
46 , 628, 870
23 , 628, 772
17 , 628, 51
138 , 628, 628
18 , 629, 784
8 , 629, 629
31 , 630, 281
24 , 630, 112
45 , 630, 630
34 , 631, 500
18 , 631, 377
4 , 631, 100
21 , 631, 624
11 , 631, 370
1 , 631, 76
42 , 631, 630
121 , 631, 631
25 , 632, 190
1 , 632, 312
48 , 632, 879
64 , 632, 632
30 , 633, 853
32 , 633, 137
14 , 633, 228
4 , 633, 120
9 , 633, 602
5 , 633, 242
84 , 633, 633
16 , 634, 427
30 , 634, 820
41 , 634, 690
36 , 634, 911
33 , 634, 723
24 , 634, 548
42 , 634, 991
1 , 634, 236
27 , 634, 567
240 , 634, 634
37 , 635, 763
20 , 635, 565
27 , 635, 261
10 , 635, 199
3 , 635, 801
33 , 635, 861
35 , 635, 973
27 , 635, 774
182 , 635, 635
30 , 636, 50
11 , 636, 725
3 , 636, 426
8 , 636, 394
42 , 636, 636
48 , 637, 128
41 , 637, 622
16 , 637, 1015
18 , 637, 383
34 , 637, 909
24 , 637, 717
35 , 637, 384
10 , 637, 292
35 , 637, 658
251 , 637, 637
1 , 638, 1003
5 , 638, 777
46 , 638, 76
9 , 638, 251
37 , 638, 406
25 , 638, 968
2 , 638, 223
115 , 638, 638
46 , 639, 232
2 , 639, 1005
39 , 639, 487
77 , 639, 639
48 , 640, 855
38 , 640, 640
18 , 641, 941
7 , 641, 999
15 , 641, 641
23 , 642, 771
18 , 642, 835
10 , 642, 595
25 , 642, 972
39 , 642, 175
18 , 642, 967
123 , 642, 642
18 , 643, 533
17 , 643, 955
16 , 643, 242
26 , 643, 25
32 , 643, 228
10 , 643, 546
7 , 643, 708
4 , 643, 6
120 , 643, 643
11 , 644, 484
21 , 644, 73
48 , 644, 661
70 , 644, 644
8 , 645, 107
45 , 645, 493
39 , 645, 712
82 , 645, 645
6 , 646, 711
25 , 646, 957
32 , 646, 10
53 , 646, 646
21 , 647, 524
12 , 647, 47
8 , 647, 642
30 , 647, 509
40 , 647, 727
19 , 647, 663
3 , 647, 981
6 , 647, 185
129 , 647, 647
33 , 648, 700
23 , 648, 648
43 , 649, 319
12 , 649, 486
45 , 649, 649
16 , 650, 231
19 , 650, 167
14 , 650, 855
8 , 650, 631
14 , 650, 866
12 , 650, 339
73 , 650, 650
22 , 651, 135
42 , 651, 864
49 , 651, 442
21 , 651, 978
42 , 651, 360
17 , 651, 780
183 , 651, 651
38 , 652, 693
39 , 652, 520
14 , 652, 8
81 , 652, 652
18 , 653, 250
8 , 653, 713
45 , 653, 304
47 , 653, 105
47 , 653, 573
37 , 653, 163
7 , 653, 598
49 , 653, 258
39 , 653, 508
287 , 653, 653
12 , 654, 420
31 , 654, 732
41 , 654, 829
45 , 654, 499
16 , 654, 606
6 , 654, 245
22 , 654, 1016
163 , 654, 654
8 , 655, 752
9 , 655, 796
7 , 655, 655
8 , 656, 44
44 , 656, 4
30 , 656, 343
72 , 656, 656
49 , 657, 87
18 , 657, 478
57 , 657, 657
1 , 658, 169
5 , 658, 414
27 , 658, 833
12 , 658, 444
35 , 658, 658
18 , 659, 32
39 , 659, 209
41 , 659, 575
46 , 659, 587
40 , 659, 535
35 , 659, 272
32 , 659, 358
241 , 659, 659
44 , 660, 49
1 , 660, 524
33 , 660, 773
44 , 660, 179
26 , 660, 643
33 , 660, 398
12 , 660, 28
25 , 660, 572
208 , 660, 660
12 , 661, 24
45 , 661, 1008
2 , 661, 221
8 , 661, 209
27 , 661, 878
11 , 661, 161
20 , 661, 476
3 , 661, 583
118 , 661, 661
9 , 662, 404
47 , 662, 998
18 , 662, 705
31 , 662, 408
95 , 662, 662
13 , 663, 275
3 , 663, 663
26 , 664, 442
24 , 664, 546
41 , 664, 813
47 , 664, 918
128 , 664, 664
48 , 665, 194
48 , 665, 848
86 , 665, 665
36 , 666, 260
17 , 666, 749
24 , 666, 517
38 , 666, 418
105 , 666, 666
11 , 667, 606
47 , 667, 362
39 , 667, 881
31 , 667, 868
14 , 667, 241
16 , 667, 886
17 , 667, 421
17 , 667, 823
13 , 667, 360
195 , 667, 667
24 , 668, 12
49 , 668, 117
30 , 668, 145
93 , 668, 668
24 , 669, 993
36 , 669, 314
7 , 669, 873
57 , 669, 669
15 , 670, 58
25 , 670, 110
32 , 670, 163
37 , 670, 574
12 , 670, 207
28 , 670, 917
139 , 670, 670
12 , 671, 0
2 , 671, 671
26 , 672, 356
8 , 672, 835
24 , 672, 672
41 , 673, 720
22 , 673, 410
8 , 673, 608
45 , 673, 190
38 , 673, 596
144 , 673, 673
23 , 674, 925
13 , 674, 674
43 , 675, 695
4 , 675, 829
32 , 675, 405
4 , 675, 551
21 , 675, 728
94 , 675, 675
18 , 676, 436
20 , 676, 443
38 , 676, 800
19 , 676, 641
16 , 676, 736
12 , 676, 102
31 , 676, 565
144 , 676, 676
44 , 677, 982
11 , 677, 770
42 , 677, 221
34 , 677, 475
30 , 677, 479
41 , 677, 606
11 , 677, 649
37 , 677, 454
240 , 677, 677
15 , 678, 775
17 , 678, 957
49 , 678, 887
43 , 678, 370
32 , 678, 926
37 , 678, 748
12 , 678, 730
195 , 678, 678
37 , 679, 670
41 , 679, 88
18 , 679, 827
27 , 679, 903
113 , 679, 679
2 , 680, 971
30 , 680, 205
1 , 680, 511
37 , 680, 632
29 , 680, 705
37 , 680, 503
27 , 680, 272
27 , 680, 330
46 , 680, 779
226 , 680, 680
32 , 681, 183
22 , 681, 681
39 , 682, 331
19 , 682, 191
48 , 682, 682
12 , 683, 118
10 , 683, 80
12 , 683, 683
5 , 684, 273
20 , 684, 828
41 , 684, 406
39 , 684, 234
24 , 684, 711
5 , 684, 844
124 , 684, 684
39 , 685, 577
32 , 685, 528
3 , 685, 852
30 , 685, 539
94 , 685, 685
6 , 686, 530
37 , 686, 307
27 , 686, 166
60 , 686, 686
22 , 687, 507
7 , 687, 744
19 , 687, 687
14 , 688, 37
49 , 688, 46
10 , 688, 227
35 , 688, 868
98 , 688, 688
35 , 689, 926
13 , 689, 351
26 , 689, 747
27 , 689, 366
22 , 689, 443
29 , 689, 50
142 , 689, 689
27 , 690, 209
17 , 690, 690
48 , 691, 807
30 , 691, 589
13 , 691, 664
81 , 691, 691
16 , 692, 924
5 , 692, 83
11 , 692, 692
7 , 693, 418
3 , 693, 427
2 , 693, 751
34 , 693, 343
44 , 693, 146
40 , 693, 628
47 , 693, 313
7 , 693, 206
174 , 693, 693
8 , 694, 921
46 , 694, 603
22 , 694, 16
13 , 694, 520
2 , 694, 393
41 , 694, 952
122 , 694, 694
24 , 695, 417
8 , 695, 394
8 , 695, 8
13 , 695, 603
31 , 695, 297
29 , 695, 397
37 , 695, 669
4 , 695, 892
144 , 695, 695
47 , 696, 635
29 , 696, 614
39 , 696, 238
31 , 696, 898
136 , 696, 696
42 , 697, 885
47 , 697, 53
13 , 697, 62
29 , 697, 693
121 , 697, 697
1 , 698, 720
44 , 698, 878
35 , 698, 698
38 , 699, 147
28 , 699, 699
21 , 700, 421
30 , 700, 659
16 , 700, 859
6 , 700, 129
16 , 700, 116
9 , 700, 251
34 , 700, 280
122 , 700, 700
44 , 701, 780
16 , 701, 858
16 , 701, 247
13 , 701, 23
36 , 701, 48
115 , 701, 701
16 , 702, 801
22 , 702, 684
28 , 702, 702
33 , 703, 669
16 , 703, 346
46 , 703, 426
8 , 703, 1010
20 , 703, 580
16 , 703, 493
28 , 703, 615
38 , 703, 212
195 , 703, 703
9 , 704, 119
28 , 704, 958
21 , 704, 735
40 , 704, 21
44 , 704, 761
132 , 704, 704
7 , 705, 920
23 , 705, 814
47 , 705, 934
25 , 705, 94
92 , 705, 705
32 , 706, 441
22 , 706, 706
40 , 707, 641
5 , 707, 305
26 , 707, 143
13 , 707, 595
16 , 707, 926
90 , 707, 707
45 , 708, 657
36 , 708, 330
20 , 708, 523
6 , 708, 346
11 , 708, 599
38 , 708, 673
146 , 708, 708
45 , 709, 637
49 , 709, 801
45 , 709, 70
2 , 709, 887
40 , 709, 695
5 , 709, 371
2 , 709, 472
178 , 709, 709
45 , 710, 518
47 , 710, 954
39 , 710, 609
5 , 710, 695
47 , 710, 91
3 , 710, 252
15 , 710, 531
191 , 710, 710
46 , 711, 325
3 , 711, 215
13 , 711, 232
16 , 711, 837
27 , 711, 789
28 , 711, 688
3 , 711, 348
26 , 711, 966
8 , 711, 367
160 , 711, 711
2 , 712, 623
41 , 712, 42
43 , 712, 248
14 , 712, 464
7 , 712, 624
4 , 712, 920
41 , 712, 82
26 , 712, 616
33 , 712, 869
201 , 712, 712
11 , 713, 736
5 , 713, 993
6 , 713, 713
6 , 714, 666
-4 , 714, 714
18 , 715, 211
41 , 715, 688
17 , 715, 706
34 , 715, 895
25 , 715, 403
44 , 715, 427
169 , 715, 715
15 , 716, 426
39 , 716, 100
44 , 716, 716
10 , 717, 82
36 , 717, 231
22 , 717, 863
48 , 717, 839
19 , 717, 18
125 , 717, 717
16 , 718, 109
10 , 718, 125
43 , 718, 900
6 , 718, 174
65 , 718, 718
18 , 719, 212
15 , 719, 475
27 , 719, 139
14 , 719, 634
49 , 719, 704
11 , 719, 761
36 , 719, 713
160 , 719, 719
6 , 720, 1009
33 , 720, 641
5 , 720, 362
3 , 720, 165
45 , 720, 407
30 , 720, 927
112 , 720, 720
30 , 721, 487
20 , 721, 721
47 , 722, 243
31 , 722, 391
44 , 722, 985
26 , 722, 296
12 , 722, 811
29 , 722, 2
179 , 722, 722
48 , 723, 642
27 , 723, 537
10 , 723, 669
30 , 723, 959
47 , 723, 258
15 , 723, 602
23 , 723, 743
190 , 723, 723
37 , 724, 615
9 , 724, 850
41 , 724, 703
44 , 724, 128
25 , 724, 281
146 , 724, 724
5 , 725, 132
24 , 725, 977
6 , 725, 304
10 , 725, 232
38 , 725, 390
17 , 725, 418
23 , 725, 771
48 , 725, 812
26 , 725, 763
187 , 725, 725
48 , 726, 783
16 , 726, 113
30 , 726, 902
11 , 726, 915
95 , 726, 726
33 , 727, 857
35 , 727, 914
41 , 727, 597
38 , 727, 688
36 , 727, 505
9 , 727, 155
10 , 727, 626
40 , 727, 761
232 , 727, 727
14 , 728, 970
24 , 728, 68
48 , 728, 860
42 , 728, 216
118 , 728, 728
8 , 729, 395
9 , 729, 586
39 , 729, 947
48 , 729, 252
46 , 729, 124
28 , 729, 436
168 , 729, 729
36 , 730, 125
3 , 730, 627
1 , 730, 657
45 , 730, 78
44 , 730, 160
43 , 730, 6
44 , 730, 532
42 , 730, 524
248 , 730, 730
19 , 731, 389
9 , 731, 731
43 , 732, 323
1 , 732, 406
23 , 732, 774
11 , 732, 282
1 , 732, 109
32 , 732, 192
36 , 732, 970
137 , 732, 732
17 , 733, 305
27 , 733, 240
34 , 733, 733
10 , 734, 846
8 , 734, 727
39 , 734, 805
47 , 734, 734
41 , 735, 779
35 , 735, 210
39 , 735, 429
19 , 735, 405
44 , 735, 803
45 , 735, 808
45 , 735, 526
258 , 735, 735
16 , 736, 335
22 , 736, 380
48 , 736, 432
22 , 736, 864
98 , 736, 736
40 , 737, 485
47 , 737, 831
36 , 737, 976
6 , 737, 299
14 , 737, 46
133 , 737, 737
17 , 738, 245
11 , 738, 879
18 , 738, 738
3 , 739, 415
26 , 739, 198
29 , 739, 272
27 , 739, 892
36 , 739, 11
47 , 739, 649
20 , 739, 610
5 , 739, 613
21 , 739, 871
204 , 739, 739
42 , 740, 284
42 , 740, 676
25 , 740, 161
18 , 740, 204
1 , 740, 868
7 , 740, 241
25 , 740, 806
1 , 740, 502
38 , 740, 123
189 , 740, 740
22 , 741, 906
19 , 741, 405
43 , 741, 208
6 , 741, 1020
43 , 741, 479
32 , 741, 417
155 , 741, 741
23 , 742, 743
33 , 742, 988
6 , 742, 150
25 , 742, 620
32 , 742, 494
45 , 742, 357
9 , 742, 415
47 , 742, 412
19 , 742, 914
229 , 742, 742
36 , 743, 51
44 , 743, 310
40 , 743, 303
110 , 743, 743
46 , 744, 743
48 , 744, 229
12 , 744, 448
19 , 744, 109
32 , 744, 945
37 , 744, 596
184 , 744, 744
16 , 745, 465
40 , 745, 913
36 , 745, 245
45 , 745, 186
127 , 745, 745
13 , 746, 129
20 , 746, 888
33 , 746, 894
5 , 746, 57
21 , 746, 1005
1 , 746, 36
83 , 746, 746
16 , 747, 91
38 , 747, 850
47 , 747, 950
38 , 747, 827
20 , 747, 863
15 , 747, 366
15 , 747, 896
24 , 747, 646
203 , 747, 747
37 , 748, 416
48 , 748, 345
8 , 748, 373
21 , 748, 626
32 , 748, 1017
15 , 748, 962
151 , 748, 748
20 , 749, 192
4 , 749, 146
47 , 749, 392
43 , 749, 444
28 , 749, 18
24 , 749, 539
23 , 749, 560
28 , 749, 832
19 , 749, 32
226 , 749, 749
38 , 750, 614
21 , 750, 280
23 , 750, 424
72 , 750, 750
36 , 751, 546
16 , 751, 370
18 , 751, 810
26 , 751, 566
46 , 751, 597
3 , 751, 608
135 , 751, 751
38 , 752, 405
22 , 752, 139
11 , 752, 635
37 , 752, 501
98 , 752, 752
37 , 753, 76
27 , 753, 753
28 , 754, 304
14 , 754, 86
44 , 754, 283
15 , 754, 132
34 , 754, 17
6 , 754, 49
34 , 754, 293
2 , 754, 835
167 , 754, 754
7 , 755, 63
7 , 755, 227
36 , 755, 775
40 , 755, 755
35 , 756, 40
31 , 756, 437
49 , 756, 182
1 , 756, 955
46 , 756, 311
152 , 756, 756
26 , 757, 427
8 , 757, 90
14 , 757, 597
25 , 757, 795
33 , 757, 815
27 , 757, 70
30 , 757, 1019
153 , 757, 757
18 , 758, 310
33 , 758, 419
16 , 758, 995
48 , 758, 104
41 , 758, 540
23 , 758, 315
39 , 758, 528
23 , 758, 619
231 , 758, 758
28 , 759, 19
18 , 759, 759
3 , 760, 897
-7 , 760, 760
40 , 761, 415
27 , 761, 105
57 , 761, 761
3 , 762, 409
30 , 762, 978
49 , 762, 470
3 , 762, 214
17 , 762, 478
18 , 762, 990
42 , 762, 752
6 , 762, 704
48 , 762, 326
206 , 762, 762
17 , 763, 43
7 , 763, 665
21 , 763, 581
30 , 763, 488
45 , 763, 146
110 , 763, 763
9 , 764, 118
42 , 764, 280
27 , 764, 18
33 , 764, 193
28 , 764, 666
129 , 764, 764
11 , 765, 768
1 , 765, 765
17 , 766, 706
19 , 766, 183
48 , 766, 530
10 , 766, 601
84 , 766, 766
13 , 767, 46
40 , 767, 332
26 , 767, 858
10 , 767, 145
79 , 767, 767
39 , 768, 573
12 , 768, 166
20 , 768, 741
15 , 768, 683
22 , 768, 780
40 , 768, 709
138 , 768, 768
5 , 769, 410
27 , 769, 448
25 , 769, 363
26 , 769, 504
48 , 769, 337
40 , 769, 889
17 , 769, 349
23 , 769, 869
3 , 769, 346
204 , 769, 769
36 , 770, 662
2 , 770, 155
41 , 770, 901
1 , 770, 759
4 , 770, 874
41 , 770, 785
10 , 770, 677
26 , 770, 477
40 , 770, 93
191 , 770, 770
7 , 771, 863
47 , 771, 359
33 , 771, 182
28 , 771, 617
48 , 771, 858
40 , 771, 319
193 , 771, 771
9 , 772, 418
15 , 772, 413
37 , 772, 137
51 , 772, 772
26 , 773, 246
3 , 773, 689
29 , 773, 413
43 , 773, 168
91 , 773, 773
21 , 774, 299
28 , 774, 619
39 , 774, 774
38 , 775, 544
2 , 775, 552
18 , 775, 205
16 , 775, 72
18 , 775, 881
1 , 775, 173
19 , 775, 418
102 , 775, 775
13 , 776, 312
39 , 776, 750
4 , 776, 399
19 , 776, 195
65 , 776, 776
38 , 777, 29
28 , 777, 777
45 , 778, 908
35 , 778, 778
43 , 779, 90
47 , 779, 797
80 , 779, 779
24 , 780, 588
25 , 780, 593
42 , 780, 846
47 , 780, 497
5 , 780, 16
6 , 780, 728
30 , 780, 991
34 , 780, 853
21 , 780, 294
224 , 780, 780
6 , 781, 977
36 , 781, 821
24 , 781, 690
22 , 781, 322
78 , 781, 781
2 , 782, 895
-8 , 782, 782
30 , 783, 685
30 , 783, 324
50 , 783, 783
49 , 784, 137
17 , 784, 56
12 , 784, 87
34 , 784, 669
8 , 784, 20
110 , 784, 784
37 , 785, 232
27 , 785, 887
9 , 785, 290
63 , 785, 785
30 , 786, 628
40 , 786, 398
41 , 786, 260
26 , 786, 652
44 , 786, 40
37 , 786, 957
208 , 786, 786
35 , 787, 43
27 , 787, 104
46 , 787, 40
98 , 787, 787
18 , 788, 796
25 , 788, 717
33 , 788, 151
48 , 788, 94
33 , 788, 487
27 , 788, 509
1 , 788, 463
45 , 788, 552
35 , 788, 364
255 , 788, 788
2 , 789, 643
45 , 789, 24
23 , 789, 728
17 , 789, 655
77 , 789, 789
13 , 790, 348
24 , 790, 337
30 , 790, 52
57 , 790, 790
45 , 791, 583
33 , 791, 55
45 , 791, 424
35 , 791, 246
22 , 791, 542
21 , 791, 505
46 , 791, 37
11 , 791, 332
16 , 791, 180
264 , 791, 791
39 , 792, 827
47 , 792, 800
28 , 792, 857
22 , 792, 573
8 , 792, 711
28 , 792, 198
10 , 792, 946
45 , 792, 255
217 , 792, 792
27 , 793, 542
4 , 793, 920
2 , 793, 482
44 , 793, 469
24 , 793, 500
33 , 793, 748
31 , 793, 231
155 , 793, 793
20 , 794, 175
18 , 794, 690
17 , 794, 874
45 , 794, 794
22 , 795, 947
12 , 795, 795
38 , 796, 271
39 , 796, 244
67 , 796, 796
10 , 797, 912
12 , 797, 242
27 , 797, 167
17 , 797, 386
47 , 797, 270
40 , 797, 81
34 , 797, 43
177 , 797, 797
14 , 798, 468
48 , 798, 514
52 , 798, 798
25 , 799, 674
23 , 799, 114
1 , 799, 192
27 , 799, 495
10 , 799, 332
76 , 799, 799
17 , 800, 107
7 , 800, 800
20 , 801, 631
5 , 801, 297
27 , 801, 569
42 , 801, 801
38 , 802, 633
13 , 802, 62
44 , 802, 903
6 , 802, 5
10 , 802, 236
13 , 802, 420
32 , 802, 984
16 , 802, 3
31 , 802, 744
193 , 802, 802
1 , 803, 20
35 , 803, 318
23 , 803, 437
44 , 803, 579
38 , 803, 306
2 , 803, 842
18 , 803, 523
151 , 803, 803
21 , 804, 113
33 , 804, 760
12 , 804, 200
56 , 804, 804
1 , 805, 811
-9 , 805, 805
35 , 806, 438
17 , 806, 213
13 , 806, 408
32 , 806, 235
3 , 806, 426
13 , 806, 42
7 , 806, 811
16 , 806, 345
126 , 806, 806
32 , 807, 956
2 , 807, 206
21 , 807, 266
48 , 807, 307
44 , 807, 940
24 , 807, 394
1 , 807, 335
162 , 807, 807
40 , 808, 111
25 , 808, 528
55 , 808, 808
9 , 809, 157
20 , 809, 297
12 , 809, 692
13 , 809, 208
41 , 809, 58
5 , 809, 348
11 , 809, 991
34 , 809, 938
135 , 809, 809
8 , 810, 773
44 , 810, 703
23 , 810, 127
46 , 810, 174
8 , 810, 153
26 , 810, 700
6 , 810, 601
151 , 810, 810
45 , 811, 195
43 , 811, 517
39 , 811, 980
117 , 811, 811
39 , 812, 229
22 , 812, 32
51 , 812, 812
46 , 813, 586
21 , 813, 537
29 , 813, 464
47 , 813, 724
39 , 813, 735
15 , 813, 946
42 , 813, 376
7 , 813, 319
236 , 813, 813
48 , 814, 46
21 , 814, 346
9 , 814, 882
25 , 814, 151
93 , 814, 814
18 , 815, 532
5 , 815, 737
39 , 815, 775
5 , 815, 868
23 , 815, 101
49 , 815, 938
34 , 815, 946
163 , 815, 815
36 , 816, 515
22 , 816, 869
8 , 816, 811
4 , 816, 409
3 , 816, 618
8 , 816, 322
40 , 816, 777
37 , 816, 316
47 , 816, 295
195 , 816, 816
41 , 817, 524
10 , 817, 381
25 , 817, 874
66 , 817, 817
30 , 818, 945
38 , 818, 315
38 , 818, 739
34 , 818, 191
5 , 818, 131
135 , 818, 818
2 , 819, 524
11 , 819, 357
3 , 819, 819
15 , 820, 443
1 , 820, 279
15 , 820, 737
3 , 820, 882
31 , 820, 321
39 , 820, 111
44 , 820, 959
138 , 820, 820
14 , 821, 572
27 , 821, 792
5 , 821, 399
35 , 821, 209
38 , 821, 59
15 , 821, 621
124 , 821, 821
6 , 822, 513
19 , 822, 227
12 , 822, 936
29 , 822, 79
31 , 822, 603
87 , 822, 822
46 , 823, 802
29 , 823, 562
65 , 823, 823
41 , 824, 653
13 , 824, 373
1 , 824, 397
36 , 824, 109
42 , 824, 205
5 , 824, 835
8 , 824, 463
11 , 824, 188
24 , 824, 936
171 , 824, 824
38 , 825, 945
6 , 825, 17
23 , 825, 191
57 , 825, 825
31 , 826, 700
21 , 826, 826
3 , 827, 63
23 , 827, 740
36 , 827, 120
16 , 827, 808
46 , 827, 20
3 , 827, 921
117 , 827, 827
2 , 828, 209
33 , 828, 530
32 , 828, 633
57 , 828, 828
42 , 829, 200
19 , 829, 532
36 , 829, 801
5 , 829, 348
92 , 829, 829
22 , 830, 202
5 , 830, 625
10 , 830, 772
38 , 830, 974
18 , 830, 62
13 , 830, 124
96 , 830, 830
26 , 831, 489
35 , 831, 133
29 , 831, 136
80 , 831, 831
38 , 832, 428
38 , 832, 518
15 , 832, 91
22 , 832, 589
18 , 832, 221
43 , 832, 532
28 , 832, 205
192 , 832, 832
40 , 833, 1016
41 , 833, 207
47 , 833, 975
31 , 833, 638
39 , 833, 57
3 , 833, 677
40 , 833, 631
18 , 833, 945
249 , 833, 833
17 , 834, 129
17 , 834, 102
38 , 834, 338
25 , 834, 722
32 , 834, 903
28 , 834, 895
147 , 834, 834
46 , 835, 552
41 , 835, 237
46 , 835, 966
27 , 835, 831
24 , 835, 626
15 , 835, 133
18 , 835, 208
18 , 835, 152
4 , 835, 875
229 , 835, 835
29 , 836, 655
22 , 836, 219
41 , 836, 836
7 , 837, 617
26 , 837, 705
30 , 837, 361
19 , 837, 8
72 , 837, 837
8 , 838, 628
22 , 838, 106
35 , 838, 444
14 , 838, 310
49 , 838, 923
118 , 838, 838
42 , 839, 849
32 , 839, 839
40 , 840, 705
36 , 840, 635
43 , 840, 402
21 , 840, 468
44 , 840, 714
2 , 840, 415
46 , 840, 355
17 , 840, 581
239 , 840, 840
3 , 841, 952
26 , 841, 157
11 , 841, 490
4 , 841, 874
42 , 841, 899
76 , 841, 841
16 , 842, 89
34 , 842, 254
32 , 842, 892
35 , 842, 525
3 , 842, 900
21 , 842, 672
11 , 842, 59
43 , 842, 479
185 , 842, 842
23 , 843, 468
23 , 843, 189
3 , 843, 256
17 , 843, 652
19 , 843, 447
16 , 843, 624
34 , 843, 117
125 , 843, 843
15 , 844, 276
30 , 844, 320
37 , 844, 667
45 , 844, 393
21 , 844, 218
15 , 844, 985
153 , 844, 844
8 , 845, 452
16 , 845, 494
46 , 845, 549
3 , 845, 271
33 , 845, 148
14 , 845, 156
15 , 845, 162
24 , 845, 745
149 , 845, 845
25 , 846, 600
17 , 846, 76
49 , 846, 481
18 , 846, 117
99 , 846, 846
8 , 847, 899
19 , 847, 510
25 , 847, 980
46 , 847, 67
17 , 847, 42
21 , 847, 884
1 , 847, 851
25 , 847, 745
47 , 847, 646
199 , 847, 847
38 , 848, 437
43 , 848, 666
34 , 848, 381
39 , 848, 374
10 , 848, 907
3 , 848, 969
37 , 848, 30
21 , 848, 763
215 , 848, 848
47 , 849, 4
37 , 849, 849
34 , 850, 867
49 , 850, 107
40 , 850, 698
6 , 850, 245
119 , 850, 850
48 , 851, 719
40 , 851, 10
78 , 851, 851
25 , 852, 125
45 , 852, 370
28 , 852, 730
1 , 852, 803
13 , 852, 690
46 , 852, 87
148 , 852, 852
28 , 853, 564
18 , 853, 738
34 , 853, 234
6 , 853, 707
8 , 853, 1007
84 , 853, 853
30 , 854, 1017
26 , 854, 604
16 , 854, 664
44 , 854, 515
2 , 854, 283
38 , 854, 96
21 , 854, 252
35 , 854, 972
202 , 854, 854
49 , 855, 386
13 , 855, 244
35 , 855, 219
12 , 855, 138
2 , 855, 874
15 , 855, 314
116 , 855, 855
13 , 856, 354
3 , 856, 856
42 , 857, 480
31 , 857, 660
40 , 857, 1016
1 , 857, 133
2 , 857, 597
46 , 857, 708
1 , 857, 23
153 , 857, 857
29 , 858, 378
14 , 858, 983
23 , 858, 579
16 , 858, 804
35 , 858, 828
14 , 858, 563
121 , 858, 858
29 , 859, 94
11 , 859, 978
22 , 859, 778
37 , 859, 414
89 , 859, 859
47 , 860, 996
37 , 860, 860
22 , 861, 118
13 , 861, 741
48 , 861, 303
46 , 861, 395
9 , 861, 429
128 , 861, 861
17 , 862, 724
6 , 862, 841
39 , 862, 201
38 , 862, 313
90 , 862, 862
19 , 863, 521
39 , 863, 939
48 , 863, 863
29 , 864, 457
4 , 864, 541
43 , 864, 913
44 , 864, 914
8 , 864, 190
27 , 864, 480
7 , 864, 1016
42 , 864, 636
194 , 864, 864
8 , 865, 699
21 , 865, 27
27 , 865, 261
5 , 865, 68
51 , 865, 865
8 , 866, 847
44 , 866, 443
42 , 866, 866
34 , 867, 320
33 , 867, 768
36 , 867, 1007
31 , 867, 397
3 , 867, 331
26 , 867, 92
28 , 867, 699
11 , 867, 938
192 , 867, 867
30 , 868, 769
27 , 868, 507
41 , 868, 65
26 , 868, 669
114 , 868, 868
34 , 869, 863
30 , 869, 601
17 , 869, 809
17 , 869, 305
88 , 869, 869
11 , 870, 77
8 , 870, 90
24 , 870, 191
49 , 870, 262
5 , 870, 135
21 , 870, 960
108 , 870, 870
37 , 871, 137
7 , 871, 1007
16 , 871, 20
32 , 871, 497
6 , 871, 546
24 , 871, 300
20 , 871, 731
132 , 871, 871
33 , 872, 428
43 , 872, 603
22 , 872, 269
37 , 872, 181
48 , 872, 668
173 , 872, 872
46 , 873, 824
47 , 873, 697
24 , 873, 753
9 , 873, 384
29 , 873, 112
19 , 873, 168
17 , 873, 207
22 , 873, 170
33 , 873, 1009
236 , 873, 873
20 , 874, 294
4 , 874, 8
47 , 874, 131
24 , 874, 602
85 , 874, 874
13 , 875, 727
3 , 875, 875
42 , 876, 324
4 , 876, 6
49 , 876, 895
25 , 876, 301
41 , 876, 162
151 , 876, 876
21 , 877, 321
40 , 877, 744
4 , 877, 243
55 , 877, 877
17 , 878, 564
11 , 878, 471
13 , 878, 82
35 , 878, 198
4 , 878, 640
22 , 878, 897
92 , 878, 878
15 , 879, 45
5 , 879, 879
6 , 880, 406
7 , 880, 768
46 , 880, 136
46 , 880, 28
43 , 880, 810
138 , 880, 880
5 , 881, 675
-5 , 881, 881
38 , 882, 76
29 , 882, 888
32 , 882, 153
6 , 882, 586
40 , 882, 960
29 , 882, 974
164 , 882, 882
43 , 883, 210
32 , 883, 331
65 , 883, 883
40 , 884, 491
31 , 884, 348
61 , 884, 884
27 , 885, 789
17 , 885, 498
3 , 885, 105
23 , 885, 920
25 , 885, 888
40 , 885, 507
36 , 885, 1001
47 , 885, 425
208 , 885, 885
9 , 886, 867
21 , 886, 793
43 , 886, 173
6 , 886, 748
36 , 886, 531
105 , 886, 886
23 , 887, 882
7 , 887, 780
7 , 887, 880
27 , 887, 887
26 , 888, 283
19 , 888, 544
31 , 888, 1011
7 , 888, 122
28 , 888, 222
45 , 888, 946
11 , 888, 351
157 , 888, 888
20 , 889, 258
37 , 889, 278
47 , 889, 889
36 , 890, 681
39 , 890, 741
21 , 890, 564
86 , 890, 890
2 , 891, 337
20 , 891, 1020
38 , 891, 555
38 , 891, 1008
39 , 891, 367
1 , 891, 916
41 , 891, 876
32 , 891, 330
41 , 891, 549
242 , 891, 891
6 , 892, 209
36 , 892, 504
9 , 892, 267
5 , 892, 74
31 , 892, 810
5 , 892, 341
82 , 892, 892
18 , 893, 4
8 , 893, 893
46 , 894, 289
33 , 894, 138
3 , 894, 63
10 , 894, 775
40 , 894, 348
46 , 894, 668
168 , 894, 894
45 , 895, 206
45 , 895, 890
13 , 895, 620
10 , 895, 852
6 , 895, 419
109 , 895, 895
6 , 896, 533
29 , 896, 966
4 , 896, 718
13 , 896, 166
43 , 896, 242
15 , 896, 355
40 , 896, 453
140 , 896, 896
19 , 897, 385
48 , 897, 530
4 , 897, 574
36 , 897, 28
30 , 897, 35
9 , 897, 472
30 , 897, 730
32 , 897, 857
2 , 897, 831
200 , 897, 897
6 , 898, 396
29 , 898, 953
10 , 898, 293
37 , 898, 715
18 , 898, 473
12 , 898, 998
18 , 898, 462
39 , 898, 642
159 , 898, 898
33 , 899, 336
39 , 899, 877
44 , 899, 709
3 , 899, 98
19 , 899, 739
18 , 899, 477
24 , 899, 288
170 , 899, 899
38 , 900, 814
46 , 900, 106
36 , 900, 204
32 , 900, 25
26 , 900, 237
168 , 900, 900
41 , 901, 290
31 , 901, 901
21 , 902, 595
9 , 902, 909
33 , 902, 361
37 , 902, 41
24 , 902, 910
114 , 902, 902
14 , 903, 638
4 , 903, 903
5 , 904, 177
6 , 904, 771
43 , 904, 798
44 , 904, 904
12 , 905, 401
42 , 905, 407
18 , 905, 24
48 , 905, 935
29 , 905, 328
1 , 905, 943
25 , 905, 687
165 , 905, 905
8 , 906, 151
46 , 906, 635
7 , 906, 96
51 , 906, 906
25 , 907, 11
10 , 907, 768
40 , 907, 431
65 , 907, 907
6 , 908, 234
22 , 908, 14
6 , 908, 399
43 , 908, 675
9 , 908, 508
35 , 908, 241
21 , 908, 884
132 , 908, 908
27 , 909, 454
41 , 909, 118
58 , 909, 909
43 , 910, 394
7 , 910, 973
6 , 910, 395
16 , 910, 588
38 , 910, 844
14 , 910, 191
22 , 910, 545
20 , 910, 546
2 , 910, 760
158 , 910, 910
6 , 911, 529
-4 , 911, 911
11 , 912, 634
1 , 912, 912
34 , 913, 896
35 , 913, 339
42 , 913, 940
101 , 913, 913
38 , 914, 717
1 , 914, 337
9 , 914, 420
24 , 914, 30
17 , 914, 790
79 , 914, 914
6 , 915, 102
28 , 915, 57
9 , 915, 792
20 , 915, 401
25 , 915, 497
7 , 915, 226
28 , 915, 374
113 , 915, 915
27 , 916, 307
5 , 916, 379
40 , 916, 539
30 , 916, 273
92 , 916, 916
7 , 917, 552
26 , 917, 141
9 , 917, 515
31 , 917, 144
33 , 917, 746
29 , 917, 231
39 , 917, 180
15 , 917, 687
179 , 917, 917
44 , 918, 271
13 , 918, 445
11 , 918, 13
11 , 918, 317
45 , 918, 479
6 , 918, 920
5 , 918, 480
6 , 918, 412
35 , 918, 372
166 , 918, 918
31 , 919, 796
36 , 919, 938
41 , 919, 999
17 , 919, 947
39 , 919, 372
46 , 919, 450
23 , 919, 428
48 , 919, 23
41 , 919, 758
312 , 919, 919
11 , 920, 885
41 , 920, 77
43 , 920, 981
46 , 920, 917
23 , 920, 348
3 , 920, 252
31 , 920, 749
188 , 920, 920
23 , 921, 918
10 , 921, 196
13 , 921, 788
29 , 921, 905
20 , 921, 737
5 , 921, 142
90 , 921, 921
31 , 922, 640
47 , 922, 27
8 , 922, 533
76 , 922, 922
2 , 923, 528
-8 , 923, 923
45 , 924, 39
29 , 924, 459
33 , 924, 164
34 , 924, 332
29 , 924, 293
3 , 924, 919
163 , 924, 924
3 , 925, 628
45 , 925, 602
42 , 925, 844
45 , 925, 720
22 , 925, 95
10 , 925, 485
20 , 925, 413
47 , 925, 923
224 , 925, 925
24 , 926, 180
21 , 926, 428
13 , 926, 211
48 , 926, 926
16 , 927, 369
46 , 927, 948
14 , 927, 258
66 , 927, 927
43 , 928, 985
30 , 928, 927
36 , 928, 22
12 , 928, 335
16 , 928, 79
5 , 928, 454
22 , 928, 899
154 , 928, 928
11 , 929, 652
43 , 929, 777
49 , 929, 92
37 , 929, 794
19 , 929, 971
13 , 929, 144
10 , 929, 298
172 , 929, 929
19 , 930, 1005
30 , 930, 940
6 , 930, 415
6 , 930, 972
46 , 930, 899
27 , 930, 216
35 , 930, 531
37 , 930, 982
196 , 930, 930
34 , 931, 87
33 , 931, 809
32 , 931, 479
32 , 931, 640
16 , 931, 758
43 , 931, 159
9 , 931, 415
15 , 931, 434
204 , 931, 931
22 , 932, 645
8 , 932, 993
22 , 932, 561
7 , 932, 548
7 , 932, 639
7 , 932, 345
21 , 932, 83
43 , 932, 916
2 , 932, 392
129 , 932, 932
48 , 933, 438
2 , 933, 809
7 , 933, 833
43 , 933, 996
28 , 933, 106
118 , 933, 933
41 , 934, 699
7 , 934, 624
32 , 934, 509
42 , 934, 557
112 , 934, 934
27 , 935, 629
41 , 935, 235
33 , 935, 737
20 , 935, 888
4 , 935, 934
14 , 935, 893
24 , 935, 705
153 , 935, 935
2 , 936, 779
15 , 936, 1
38 , 936, 631
27 , 936, 371
18 , 936, 104
27 , 936, 30
20 , 936, 46
12 , 936, 241
149 , 936, 936
45 , 937, 597
32 , 937, 506
44 , 937, 890
44 , 937, 985
38 , 937, 350
5 , 937, 883
1 , 937, 569
199 , 937, 937
47 , 938, 1003
29 , 938, 593
45 , 938, 206
48 , 938, 797
41 , 938, 757
200 , 938, 938
40 , 939, 199
9 , 939, 104
43 , 939, 272
40 , 939, 378
122 , 939, 939
8 , 940, 527
38 , 940, 397
14 , 940, 78
17 , 940, 306
67 , 940, 940
26 , 941, 804
25 , 941, 625
34 , 941, 236
75 , 941, 941
43 , 942, 687
40 , 942, 503
18 , 942, 740
26 , 942, 537
3 , 942, 411
15 , 942, 346
20 , 942, 328
155 , 942, 942
30 , 943, 238
9 , 943, 220
27 , 943, 104
24 , 943, 663
31 , 943, 810
37 , 943, 285
18 , 943, 544
166 , 943, 943
14 , 944, 717
5 , 944, 430
30 , 944, 846
14 , 944, 998
53 , 944, 944
39 , 945, 874
12 , 945, 767
4 , 945, 800
28 , 945, 2
73 , 945, 945
24 , 946, 500
14 , 946, 455
10 , 946, 394
45 , 946, 32
43 , 946, 627
26 , 946, 852
44 , 946, 839
196 , 946, 946
20 , 947, 975
10 , 947, 500
48 , 947, 535
34 , 947, 853
8 , 947, 770
30 , 947, 263
3 , 947, 39
143 , 947, 947
35 , 948, 376
1 , 948, 146
30 , 948, 576
8 , 948, 444
10 , 948, 181
43 , 948, 186
15 , 948, 185
24 , 948, 994
39 , 948, 232
195 , 948, 948
41 , 949, 972
25 , 949, 928
33 , 949, 190
89 , 949, 949
41 , 950, 301
45 , 950, 322
45 , 950, 532
121 , 950, 950
27 , 951, 189
28 , 951, 112
45 , 951, 951
21 , 952, 724
4 , 952, 692
47 , 952, 900
62 , 952, 952
16 , 953, 156
28 , 953, 785
34 , 953, 953
30 , 954, 818
37 , 954, 758
14 , 954, 230
18 , 954, 837
20 , 954, 387
109 , 954, 954
23 , 955, 574
28 , 955, 609
48 , 955, 544
7 , 955, 788
3 , 955, 698
32 , 955, 476
9 , 955, 349
140 , 955, 955
11 , 956, 233
34 , 956, 887
35 , 956, 956
2 , 957, 188
18 , 957, 829
24 , 957, 993
49 , 957, 825
48 , 957, 466
27 , 957, 77
22 , 957, 280
1 , 957, 245
181 , 957, 957
30 , 958, 179
11 , 958, 460
39 , 958, 188
49 , 958, 850
11 , 958, 585
130 , 958, 958
26 , 959, 236
46 , 959, 657
30 , 959, 300
36 , 959, 337
25 , 959, 851
26 , 959, 622
49 , 959, 532
29 , 959, 731
257 , 959, 959
28 , 960, 923
48 , 960, 189
41 , 960, 718
2 , 960, 717
41 , 960, 379
14 , 960, 561
10 , 960, 502
3 , 960, 204
177 , 960, 960
14 , 961, 711
13 , 961, 349
24 , 961, 10
4 , 961, 785
40 , 961, 368
34 , 961, 825
119 , 961, 961
28 , 962, 1007
13 , 962, 157
31 , 962, 962
37 , 963, 952
36 , 963, 275
38 , 963, 618
20 , 963, 336
47 , 963, 389
46 , 963, 765
214 , 963, 963
20 , 964, 289
35 , 964, 270
47 , 964, 736
17 , 964, 591
30 , 964, 376
19 , 964, 1009
4 , 964, 264
162 , 964, 964
24 , 965, 727
11 , 965, 481
4 , 965, 80
48 , 965, 94
40 , 965, 788
6 , 965, 428
123 , 965, 965
1 , 966, 862
5 , 966, 624
-4 , 966, 966
40 , 967, 683
5 , 967, 176
5 , 967, 191
35 , 967, 240
29 , 967, 490
1 , 967, 667
15 , 967, 649
120 , 967, 967
31 , 968, 933
10 , 968, 975
31 , 968, 879
24 , 968, 454
38 , 968, 235
124 , 968, 968
21 , 969, 656
15 , 969, 0
47 , 969, 755
43 , 969, 560
24 , 969, 21
2 , 969, 632
14 , 969, 643
156 , 969, 969
36 , 970, 119
37 , 970, 632
45 , 970, 723
26 , 970, 349
13 , 970, 217
147 , 970, 970
32 , 971, 140
22 , 971, 971
12 , 972, 867
40 , 972, 345
18 , 972, 255
17 , 972, 595
22 , 972, 333
49 , 972, 455
18 , 972, 937
21 , 972, 390
2 , 972, 266
189 , 972, 972
44 , 973, 1000
31 , 973, 298
29 , 973, 529
9 , 973, 744
48 , 973, 883
151 , 973, 973
21 , 974, 1002
20 , 974, 660
47 , 974, 902
25 , 974, 786
20 , 974, 227
123 , 974, 974
34 , 975, 228
19 , 975, 91
18 , 975, 226
24 , 975, 36
17 , 975, 648
29 , 975, 48
48 , 975, 759
179 , 975, 975
44 , 976, 337
46 , 976, 316
80 , 976, 976
20 , 977, 929
39 , 977, 981
46 , 977, 33
95 , 977, 977
31 , 978, 881
22 , 978, 416
43 , 978, 978
28 , 979, 760
18 , 979, 979
39 , 980, 223
49 , 980, 203
34 , 980, 1010
34 , 980, 333
25 , 980, 233
171 , 980, 980
21 , 981, 674
35 , 981, 944
20 , 981, 439
11 , 981, 820
21 , 981, 130
98 , 981, 981
35 , 982, 455
40 , 982, 395
6 , 982, 198
47 , 982, 171
9 , 982, 889
2 , 982, 275
129 , 982, 982
37 , 983, 314
27 , 983, 983
16 , 984, 145
41 , 984, 730
39 , 984, 15
86 , 984, 984
47 , 985, 832
17 , 985, 349
26 , 985, 851
41 , 985, 560
35 , 985, 283
44 , 985, 106
12 , 985, 546
22 , 985, 923
234 , 985, 985
21 , 986, 289
3 , 986, 968
45 , 986, 728
12 , 986, 364
5 , 986, 574
12 , 986, 701
46 , 986, 972
4 , 986, 6
45 , 986, 669
183 , 986, 986
45 , 987, 914
33 , 987, 846
18 , 987, 416
29 , 987, 393
115 , 987, 987
32 , 988, 94
46 , 988, 780
43 , 988, 651
111 , 988, 988
17 , 989, 184
6 , 989, 303
39 , 989, 485
30 , 989, 394
37 , 989, 505
25 , 989, 842
16 , 989, 57
7 , 989, 769
43 , 989, 479
210 , 989, 989
21 , 990, 546
6 , 990, 110
17 , 990, 990
24 , 991, 531
45 , 991, 64
11 , 991, 151
5 , 991, 238
18 , 991, 182
17 , 991, 593
110 , 991, 991
32 , 992, 790
44 , 992, 844
42 , 992, 288
36 , 992, 389
144 , 992, 992
2 , 993, 235
17 , 993, 749
2 , 993, 34
38 , 993, 944
16 , 993, 602
3 , 993, 799
37 , 993, 418
105 , 993, 993
37 , 994, 237
9 , 994, 347
23 , 994, 671
22 , 994, 842
41 , 994, 318
42 , 994, 747
12 , 994, 847
176 , 994, 994
15 , 995, 776
35 , 995, 773
25 , 995, 395
34 , 995, 180
22 , 995, 401
121 , 995, 995
44 , 996, 393
4 , 996, 959
29 , 996, 633
47 , 996, 217
28 , 996, 887
15 , 996, 656
15 , 996, 746
172 , 996, 996
12 , 997, 668
8 , 997, 350
31 , 997, 11
41 , 997, 997
38 , 998, 377
28 , 998, 998
46 , 999, 729
36 , 999, 999
30 , 1000, 49
20 , 1000, 1000
30 , 1001, 271
41 , 1001, 853
41 , 1001, 510
39 , 1001, 997
8 , 1001, 385
8 , 1001, 269
17 , 1001, 353
4 , 1001, 352
178 , 1001, 1001
17 , 1002, 358
35 , 1002, 341
21 , 1002, 244
35 , 1002, 471
98 , 1002, 1002
4 , 1003, 764
5 , 1003, 371
31 , 1003, 307
48 , 1003, 368
31 , 1003, 653
28 , 1003, 985
39 , 1003, 401
38 , 1003, 1000
214 , 1003, 1003
24 , 1004, 869
14 , 1004, 1004
15 , 1005, 277
36 , 1005, 317
48 , 1005, 235
49 , 1005, 1013
39 , 1005, 741
34 , 1005, 72
15 , 1005, 470
37 , 1005, 1001
42 , 1005, 422
305 , 1005, 1005
16 , 1006, 906
25 , 1006, 819
41 , 1006, 671
21 , 1006, 568
43 , 1006, 100
12 , 1006, 627
40 , 1006, 545
188 , 1006, 1006
17 , 1007, 7
18 , 1007, 684
3 , 1007, 799
17 , 1007, 816
45 , 1007, 1007
32 , 1008, 724
41 , 1008, 302
63 , 1008, 1008
8 , 1009, 849
43 , 1009, 449
37 , 1009, 820
18 , 1009, 550
18 , 1009, 56
47 , 1009, 379
47 , 1009, 785
208 , 1009, 1009
2 , 1010, 967
6 , 1010, 664
-2 , 1010, 1010
15 , 1011, 571
43 , 1011, 552
10 , 1011, 184
10 , 1011, 840
40 , 1011, 145
12 , 1011, 650
44 , 1011, 468
35 , 1011, 80
32 , 1011, 456
231 , 1011, 1011
41 , 1012, 909
46 , 1012, 277
23 , 1012, 430
33 , 1012, 242
40 , 1012, 948
24 , 1012, 381
39 , 1012, 729
236 , 1012, 1012
34 , 1013, 758
35 , 1013, 876
12 , 1013, 811
71 , 1013, 1013
35 , 1014, 475
37 , 1014, 819
25 , 1014, 530
20 , 1014, 351
10 , 1014, 259
16 , 1014, 878
47 , 1014, 134
9 , 1014, 256
12 , 1014, 356
201 , 1014, 1014
34 , 1015, 590
31 , 1015, 942
34 , 1015, 791
12 , 1015, 340
19 , 1015, 478
20 , 1015, 754
44 , 1015, 850
16 , 1015, 749
200 , 1015, 1015
22 , 1016, 526
12 , 1016, 1016
26 , 1017, 703
39 , 1017, 642
14 , 1017, 655
32 , 1017, 817
34 , 1017, 773
35 , 1017, 286
13 , 1017, 348
12 , 1017, 128
195 , 1017, 1017
11 , 1018, 441
28 , 1018, 445
34 , 1018, 955
40 , 1018, 662
38 , 1018, 339
49 , 1018, 927
6 , 1018, 219
196 , 1018, 1018
21 , 1019, 549
38 , 1019, 507
25 , 1019, 279
28 , 1019, 241
36 , 1019, 181
39 , 1019, 801
31 , 1019, 31
37 , 1019, 82
245 , 1019, 1019
6 , 1020, 500
41 , 1020, 435
37 , 1020, 882
32 , 1020, 539
2 , 1020, 735
21 , 1020, 917
129 , 1020, 1020
37 , 1021, 295
25 , 1021, 540
41 , 1021, 710
7 , 1021, 931
100 , 1021, 1021
4 , 1022, 1000
21 , 1022, 345
15 , 1022, 1022
5 , 1023, 975
1 , 1023, 554
48 , 1023, 886
44 , 1023, 1023
